2.123566444718722190e-01	2.373566444718722135e-01	5.888042185216121143e+05
2.288463472681456501e-01	2.538463472681456445e-01	2.285811932386316184e+05
2.453360500644191089e-01	2.703360500644191311e-01	1.302764889289363928e+05
2.618257528606925399e-01	2.868257528606925622e-01	9.716691838018487033e+04
2.783154556569659710e-01	3.033154556569659932e-01	7.566276431243904517e+04
2.948051584532394020e-01	3.198051584532394243e-01	6.371601205258024129e+04
3.112948612495128331e-01	3.362948612495128553e-01	5.142792401386833808e+04
3.277845640457862642e-01	3.527845640457862864e-01	3.709182130203778070e+04
3.442742668420597507e-01	3.692742668420597729e-01	3.527136381482120487e+04
3.607639696383331263e-01	3.857639696383331485e-01	2.798953386595489064e+04
3.772536724346066683e-01	4.022536724346066905e-01	2.514506904217898773e+04
3.937433752308800994e-01	4.187433752308801216e-01	2.059392532413754452e+04
4.102330780271535304e-01	4.352330780271535526e-01	2.002503235938236321e+04
4.267227808234269615e-01	4.517227808234269837e-01	1.615656019904713321e+04
4.432124836197003925e-01	4.682124836197004147e-01	1.513255286248780794e+04
4.597021864159738791e-01	4.847021864159739013e-01	1.331209537527122848e+04
4.761918892122472546e-01	5.011918892122472213e-01	9.784958993789108717e+03
4.926815920085207412e-01	5.176815920085207079e-01	9.784958993789108717e+03
5.091712948047940612e-01	5.341712948047940834e-01	9.216066029033927407e+03
5.256609976010676588e-01	5.506609976010676810e-01	9.216066029033927407e+03
5.421507003973410344e-01	5.671507003973410566e-01	7.736944320670458183e+03
5.586404031936145209e-01	5.836404031936145431e-01	7.623165727719421739e+03
5.751301059898880075e-01	6.001301059898880297e-01	7.054272762964241338e+03
5.916198087861613830e-01	6.166198087861614052e-01	7.509387134768386204e+03
6.081095115824348696e-01	6.331095115824348918e-01	6.030265426404916070e+03
6.245992143787082451e-01	6.495992143787082673e-01	7.054272762964241338e+03
6.410889171749817317e-01	6.660889171749817539e-01	5.575151054600771204e+03
6.575786199712551072e-01	6.825786199712551294e-01	6.940494170013204894e+03
6.740683227675285938e-01	6.990683227675286160e-01	5.802708240502843182e+03
6.905580255638020803e-01	7.155580255638021026e-01	5.575151054600771204e+03
7.070477283600754559e-01	7.320477283600754781e-01	6.030265426404916070e+03
7.235374311563489425e-01	7.485374311563489647e-01	6.485379798209060027e+03
7.400271339526223180e-01	7.650271339526223402e-01	4.892479496894554359e+03
7.565168367488958046e-01	7.815168367488958268e-01	6.030265426404916070e+03
7.730065395451691801e-01	7.980065395451692023e-01	4.551143718041445936e+03
7.894962423414426667e-01	8.144962423414426889e-01	5.347593868698699225e+03
8.059859451377160422e-01	8.309859451377160644e-01	3.754693567384193102e+03
8.224756479339895288e-01	8.474756479339895510e-01	4.437365125090409492e+03
8.389653507302629043e-01	8.639653507302629265e-01	3.754693567384193102e+03
8.554550535265363909e-01	8.804550535265364131e-01	3.640914974433156658e+03
8.719447563228097664e-01	8.969447563228097886e-01	4.209807939188337514e+03
8.884344591190832530e-01	9.134344591190832752e-01	2.730686230824867380e+03
9.049241619153567395e-01	9.299241619153567617e-01	3.982250753286265081e+03
9.214138647116301151e-01	9.464138647116301373e-01	3.982250753286265081e+03
9.379035675079036016e-01	9.629035675079036238e-01	3.527136381482120669e+03
9.543932703041769772e-01	9.793932703041769994e-01	3.072022009677975802e+03
9.708829731004504637e-01	9.958829731004504859e-01	3.413357788531084225e+03
9.873726758967238393e-01	1.012372675896723750e+00	2.958243416726939813e+03
1.003862378692997437e+00	1.028862378692997348e+00	2.503129044922795401e+03
1.020352081489270812e+00	1.045352081489270724e+00	2.161793266069686979e+03
1.036841784285544188e+00	1.061841784285544099e+00	2.161793266069686979e+03
1.053331487081817786e+00	1.078331487081817697e+00	4.209807939188337514e+03
1.069821189878091161e+00	1.094821189878091072e+00	3.185800602629012246e+03
1.086310892674364537e+00	1.111310892674364448e+00	2.503129044922795401e+03
1.102800595470637912e+00	1.127800595470637823e+00	3.185800602629012246e+03
1.119290298266911510e+00	1.144290298266911421e+00	2.844464823775903824e+03
1.135780001063184885e+00	1.160780001063184796e+00	3.754693567384193102e+03
1.152269703859458261e+00	1.177269703859458172e+00	2.389350451971758957e+03
1.168759406655731858e+00	1.193759406655731770e+00	3.185800602629012246e+03
1.185249109452005234e+00	1.210249109452005145e+00	3.413357788531084225e+03
1.201738812248278609e+00	1.226738812248278521e+00	2.844464823775903824e+03
1.218228515044551985e+00	1.243228515044551896e+00	2.730686230824867380e+03
1.234718217840825583e+00	1.259718217840825494e+00	2.616907637873831391e+03
1.251207920637098958e+00	1.276207920637098869e+00	1.934236080167614546e+03
1.267697623433372334e+00	1.292697623433372245e+00	1.820457487216578329e+03
1.284187326229645709e+00	1.309187326229645620e+00	3.185800602629012246e+03
1.300677029025919307e+00	1.325677029025919218e+00	2.616907637873831391e+03
1.317166731822192682e+00	1.342166731822192594e+00	1.479121708363469907e+03
1.333656434618466058e+00	1.358656434618465969e+00	1.706678894265542112e+03
1.350146137414739433e+00	1.375146137414739345e+00	2.958243416726939813e+03
1.366635840211013253e+00	1.391635840211013164e+00	1.479121708363469907e+03
1.383125543007286629e+00	1.408125543007286540e+00	2.616907637873831391e+03
1.399615245803560004e+00	1.424615245803559915e+00	2.730686230824867380e+03
1.416104948599833602e+00	1.441104948599833513e+00	2.048014673118650535e+03
1.432594651396106977e+00	1.457594651396106888e+00	2.503129044922795401e+03
1.449084354192380353e+00	1.474084354192380264e+00	2.616907637873831391e+03
1.465574056988653728e+00	1.490574056988653640e+00	1.934236080167614546e+03
1.482063759784927326e+00	1.507063759784927237e+00	2.161793266069686979e+03
1.498553462581200701e+00	1.523553462581200613e+00	2.958243416726939813e+03
1.515043165377474077e+00	1.540043165377473988e+00	2.958243416726939813e+03
1.531532868173747453e+00	1.556532868173747364e+00	1.706678894265542112e+03
1.548022570970021050e+00	1.573022570970020961e+00	2.161793266069686979e+03
1.564512273766294426e+00	1.589512273766294337e+00	2.958243416726939813e+03
1.581001976562567801e+00	1.606001976562567712e+00	2.503129044922795401e+03
1.597491679358841399e+00	1.622491679358841310e+00	2.616907637873831391e+03
1.613981382155114774e+00	1.638981382155114686e+00	2.161793266069686979e+03
1.630471084951388150e+00	1.655471084951388061e+00	2.616907637873831391e+03
1.646960787747661525e+00	1.671960787747661437e+00	2.389350451971758957e+03
1.663450490543935123e+00	1.688450490543935034e+00	2.958243416726939813e+03
1.679940193340208499e+00	1.704940193340208410e+00	2.389350451971758957e+03
1.696429896136481874e+00	1.721429896136481785e+00	2.161793266069686979e+03
1.712919598932755472e+00	1.737919598932755383e+00	2.730686230824867380e+03
1.729409301729028847e+00	1.754409301729028758e+00	1.820457487216578329e+03
1.745899004525302223e+00	1.770899004525302134e+00	1.820457487216578329e+03
1.762388707321575598e+00	1.787388707321575509e+00	2.389350451971758957e+03
1.778878410117849196e+00	1.803878410117849107e+00	1.820457487216578329e+03
1.795368112914122571e+00	1.820368112914122483e+00	2.616907637873831391e+03
1.811857815710395947e+00	1.836857815710395858e+00	1.820457487216578329e+03
1.828347518506669545e+00	1.853347518506669456e+00	2.161793266069686979e+03
1.844837221302942920e+00	1.869837221302942831e+00	2.161793266069686979e+03
1.861326924099216296e+00	1.886326924099216207e+00	2.048014673118650535e+03
1.877816626895489671e+00	1.902816626895489582e+00	2.048014673118650535e+03
1.894306329691763269e+00	1.919306329691763180e+00	2.275571859020722968e+03
1.910796032488036644e+00	1.935796032488036555e+00	1.706678894265542112e+03
1.927285735284310020e+00	1.952285735284309931e+00	1.934236080167614546e+03
1.943775438080583617e+00	1.968775438080583529e+00	2.616907637873831391e+03
1.960265140876856993e+00	1.985265140876856904e+00	1.479121708363469907e+03
1.976754843673130368e+00	2.001754843673130502e+00	1.706678894265542112e+03
1.993244546469403744e+00	2.018244546469403655e+00	2.389350451971758957e+03
2.009734249265677342e+00	2.034734249265677253e+00	2.161793266069686979e+03
2.026223952061950939e+00	2.051223952061950850e+00	1.934236080167614546e+03
2.042713654858224093e+00	2.067713654858224004e+00	2.616907637873831391e+03
2.059203357654497690e+00	2.084203357654497601e+00	1.934236080167614546e+03
2.075693060450771288e+00	2.100693060450771199e+00	1.592900301314506123e+03
2.092182763247044441e+00	2.117182763247044353e+00	2.275571859020722968e+03
2.108672466043318039e+00	2.133672466043317950e+00	2.503129044922795401e+03
2.125162168839591637e+00	2.150162168839591548e+00	1.365343115412433690e+03
2.141651871635865234e+00	2.166651871635865145e+00	2.048014673118650535e+03
2.158141574432138388e+00	2.183141574432138299e+00	1.820457487216578329e+03
2.174631277228411985e+00	2.199631277228411896e+00	1.592900301314506123e+03
2.191120980024685139e+00	2.216120980024685050e+00	2.048014673118650535e+03
2.207610682820958736e+00	2.232610682820958647e+00	1.820457487216578329e+03
2.224100385617231890e+00	2.249100385617231801e+00	1.820457487216578329e+03
2.240590088413505931e+00	2.265590088413505843e+00	1.934236080167614546e+03
2.257079791209779085e+00	2.282079791209778996e+00	1.820457487216578329e+03
2.273569494006052683e+00	2.298569494006052594e+00	2.275571859020722968e+03
2.290059196802325836e+00	2.315059196802325747e+00	1.706678894265542112e+03
2.306548899598599434e+00	2.331548899598599345e+00	1.592900301314506123e+03
2.323038602394872587e+00	2.348038602394872498e+00	2.161793266069686979e+03
2.339528305191146185e+00	2.364528305191146096e+00	1.479121708363469907e+03
2.356018007987419338e+00	2.381018007987419249e+00	2.616907637873831391e+03
2.372507710783692936e+00	2.397507710783692847e+00	1.934236080167614546e+03
2.388997413579966533e+00	2.413997413579966445e+00	1.592900301314506123e+03
2.405487116376240131e+00	2.430487116376240042e+00	2.275571859020722968e+03
2.421976819172513284e+00	2.446976819172513196e+00	2.275571859020722968e+03
2.438466521968786882e+00	2.463466521968786793e+00	1.706678894265542112e+03
2.454956224765060036e+00	2.479956224765059947e+00	1.706678894265542112e+03
2.471445927561333633e+00	2.496445927561333544e+00	3.185800602629012246e+03
2.487935630357606787e+00	2.512935630357606698e+00	1.592900301314506123e+03
2.504425333153880828e+00	2.529425333153880739e+00	2.048014673118650535e+03
2.520915035950153982e+00	2.545915035950153893e+00	2.275571859020722968e+03
2.537404738746427579e+00	2.562404738746427491e+00	1.251564522461397701e+03
2.553894441542700733e+00	2.578894441542700644e+00	2.844464823775903824e+03
2.570384144338974330e+00	2.595384144338974242e+00	1.706678894265542112e+03
2.586873847135247484e+00	2.611873847135247395e+00	2.048014673118650535e+03
2.603363549931521082e+00	2.628363549931520993e+00	1.251564522461397701e+03
2.619853252727794679e+00	2.644853252727794590e+00	1.251564522461397701e+03
2.636342955524068277e+00	2.661342955524068188e+00	1.820457487216578329e+03
2.652832658320341430e+00	2.677832658320341341e+00	1.706678894265542112e+03
2.669322361116615028e+00	2.694322361116614939e+00	1.706678894265542112e+03
2.685812063912888181e+00	2.710812063912888092e+00	1.706678894265542112e+03
2.702301766709161779e+00	2.727301766709161690e+00	2.616907637873831391e+03
2.718791469505434932e+00	2.743791469505434844e+00	3.185800602629012246e+03
2.735281172301708974e+00	2.760281172301708885e+00	9.102287436082891645e+02
2.751770875097982127e+00	2.776770875097982039e+00	9.102287436082891645e+02
2.768260577894255725e+00	2.793260577894255636e+00	1.251564522461397701e+03
2.784750280690528879e+00	2.809750280690528790e+00	2.161793266069686979e+03
2.801239983486802476e+00	2.826239983486802387e+00	1.706678894265542112e+03
2.817729686283075630e+00	2.842729686283075541e+00	2.389350451971758957e+03
2.834219389079349227e+00	2.859219389079349138e+00	1.820457487216578329e+03
2.850709091875622381e+00	2.875709091875622292e+00	1.365343115412433690e+03
2.867198794671896422e+00	2.892198794671896334e+00	1.479121708363469907e+03
2.883688497468169576e+00	2.908688497468169487e+00	1.706678894265542112e+03
2.900178200264443173e+00	2.925178200264443085e+00	1.934236080167614546e+03
2.916667903060716327e+00	2.941667903060716238e+00	2.161793266069686979e+03
2.933157605856989925e+00	2.958157605856989836e+00	1.592900301314506123e+03
2.949647308653263078e+00	2.974647308653262989e+00	1.251564522461397701e+03
2.966137011449536676e+00	2.991137011449536587e+00	1.592900301314506123e+03
2.982626714245810273e+00	3.007626714245810184e+00	1.592900301314506123e+03
2.999116417042083871e+00	3.024116417042083782e+00	2.503129044922795401e+03
3.015606119838357024e+00	3.040606119838356936e+00	1.706678894265542112e+03
3.032095822634630622e+00	3.057095822634630533e+00	1.592900301314506123e+03
3.048585525430904219e+00	3.073585525430904131e+00	1.251564522461397701e+03
3.065075228227177373e+00	3.090075228227177284e+00	2.048014673118650535e+03
3.081564931023450971e+00	3.106564931023450882e+00	1.820457487216578329e+03
3.098054633819724568e+00	3.123054633819724479e+00	1.137785929510361484e+03
3.114544336615998166e+00	3.139544336615998077e+00	1.706678894265542112e+03
3.131034039412271319e+00	3.156034039412271230e+00	1.479121708363469907e+03
3.147523742208544917e+00	3.172523742208544828e+00	1.592900301314506123e+03
3.164013445004818070e+00	3.189013445004817981e+00	1.137785929510361484e+03
3.180503147801091668e+00	3.205503147801091579e+00	1.137785929510361484e+03
3.196992850597364821e+00	3.221992850597364733e+00	1.706678894265542112e+03
3.213482553393638863e+00	3.238482553393638774e+00	1.479121708363469907e+03
3.229972256189912017e+00	3.254972256189911928e+00	5.688929647551807420e+02
3.246461958986185614e+00	3.271461958986185525e+00	1.479121708363469907e+03
3.262951661782458768e+00	3.287951661782458679e+00	1.479121708363469907e+03
3.279441364578732365e+00	3.304441364578732276e+00	1.820457487216578329e+03
3.295931067375005519e+00	3.320931067375005430e+00	1.479121708363469907e+03
3.312420770171279116e+00	3.337420770171279027e+00	1.706678894265542112e+03
3.328910472967552714e+00	3.353910472967552625e+00	1.479121708363469907e+03
3.345400175763826311e+00	3.370400175763826223e+00	1.479121708363469907e+03
3.361889878560099465e+00	3.386889878560099376e+00	1.592900301314506123e+03
3.378379581356373063e+00	3.403379581356372974e+00	1.024007336559325267e+03
3.394869284152646216e+00	3.419869284152646127e+00	1.706678894265542112e+03
3.411358986948919814e+00	3.436358986948919725e+00	1.137785929510361484e+03
3.427848689745192967e+00	3.452848689745192878e+00	1.365343115412433690e+03
3.444338392541467009e+00	3.469338392541466920e+00	1.251564522461397701e+03
3.460828095337740162e+00	3.485828095337740073e+00	1.365343115412433690e+03
3.477317798134013760e+00	3.502317798134013671e+00	1.706678894265542112e+03
3.493807500930286913e+00	3.518807500930286825e+00	1.365343115412433690e+03
3.510297203726560511e+00	3.535297203726560422e+00	1.934236080167614546e+03
3.526786906522833664e+00	3.551786906522833576e+00	1.479121708363469907e+03
3.543276609319107262e+00	3.568276609319107173e+00	1.706678894265542112e+03
3.559766312115380860e+00	3.584766312115380771e+00	7.964501506572530616e+02
3.576256014911654457e+00	3.601256014911654368e+00	1.934236080167614546e+03
3.592745717707927611e+00	3.617745717707927522e+00	1.251564522461397701e+03
3.609235420504201208e+00	3.634235420504201119e+00	1.137785929510361484e+03
3.625725123300474362e+00	3.650725123300474273e+00	1.365343115412433690e+03
3.642214826096747959e+00	3.667214826096747871e+00	1.820457487216578329e+03
3.658704528893021113e+00	3.683704528893021024e+00	1.365343115412433690e+03
3.675194231689295155e+00	3.700194231689295066e+00	1.137785929510361484e+03
3.691683934485568308e+00	3.716683934485568219e+00	1.479121708363469907e+03
3.708173637281841906e+00	3.733173637281841817e+00	1.365343115412433690e+03
3.724663340078115059e+00	3.749663340078114970e+00	1.592900301314506123e+03
3.741153042874388657e+00	3.766153042874388568e+00	1.251564522461397701e+03
3.757642745670661810e+00	3.782642745670661721e+00	1.024007336559325267e+03
3.774132448466935408e+00	3.799132448466935319e+00	1.820457487216578329e+03
3.790622151263209005e+00	3.815622151263208917e+00	1.365343115412433690e+03
3.807111854059482603e+00	3.832111854059482514e+00	1.251564522461397701e+03
3.823601556855755756e+00	3.848601556855755668e+00	1.820457487216578329e+03
3.840091259652029354e+00	3.865091259652029265e+00	1.479121708363469907e+03
3.856580962448302508e+00	3.881580962448302419e+00	1.592900301314506123e+03
3.873070665244576105e+00	3.898070665244576016e+00	2.161793266069686979e+03
3.889560368040849259e+00	3.914560368040849170e+00	1.137785929510361484e+03
3.906050070837123300e+00	3.931050070837123211e+00	2.503129044922795401e+03
3.922539773633396454e+00	3.947539773633396365e+00	1.934236080167614546e+03
3.939029476429670051e+00	3.964029476429669963e+00	2.048014673118650535e+03
3.955519179225943205e+00	3.980519179225943116e+00	1.706678894265542112e+03
3.972008882022216802e+00	3.997008882022216714e+00	2.048014673118650535e+03
3.988498584818489956e+00	4.013498584818489867e+00	1.592900301314506123e+03
4.004988287614763109e+00	4.029988287614763465e+00	1.592900301314506123e+03
4.021477990411036707e+00	4.046477990411037062e+00	2.048014673118650535e+03
4.037967693207310305e+00	4.062967693207310660e+00	1.479121708363469907e+03
4.054457396003583902e+00	4.079457396003584257e+00	1.024007336559325267e+03
4.070947098799857500e+00	4.095947098799857855e+00	1.365343115412433690e+03
4.087436801596131097e+00	4.112436801596131453e+00	1.365343115412433690e+03
4.103926504392403807e+00	4.128926504392404162e+00	1.024007336559325267e+03
4.120416207188677404e+00	4.145416207188677760e+00	1.820457487216578329e+03
4.136905909984951002e+00	4.161905909984951357e+00	6.826715577062168450e+02
4.153395612781225488e+00	4.178395612781225843e+00	1.706678894265542112e+03
4.169885315577499085e+00	4.194885315577499441e+00	2.389350451971758957e+03
4.186375018373771795e+00	4.211375018373772150e+00	1.479121708363469907e+03
4.202864721170045392e+00	4.227864721170045748e+00	1.251564522461397701e+03
4.219354423966318990e+00	4.244354423966319345e+00	1.706678894265542112e+03
4.235844126762592587e+00	4.260844126762592943e+00	1.820457487216578329e+03
4.252333829558865297e+00	4.277333829558865652e+00	2.275571859020722968e+03
4.268823532355138894e+00	4.293823532355139250e+00	1.820457487216578329e+03
4.285313235151412492e+00	4.310313235151412847e+00	1.024007336559325267e+03
4.301802937947686090e+00	4.326802937947686445e+00	2.958243416726939813e+03
4.318292640743959687e+00	4.343292640743960042e+00	2.161793266069686979e+03
4.334782343540233285e+00	4.359782343540233640e+00	2.503129044922795401e+03
4.351272046336506882e+00	4.376272046336507238e+00	2.389350451971758957e+03
4.367761749132780480e+00	4.392761749132780835e+00	2.730686230824867380e+03
4.384251451929053189e+00	4.409251451929053545e+00	1.592900301314506123e+03
4.400741154725326787e+00	4.425741154725327142e+00	3.072022009677975802e+03
4.417230857521600385e+00	4.442230857521600740e+00	2.161793266069686979e+03
4.433720560317873982e+00	4.458720560317874337e+00	2.503129044922795401e+03
4.450210263114146692e+00	4.475210263114147047e+00	1.706678894265542112e+03
4.466699965910420289e+00	4.491699965910420644e+00	1.137785929510361484e+03
4.483189668706693887e+00	4.508189668706694242e+00	1.820457487216578329e+03
4.499679371502967484e+00	4.524679371502967840e+00	2.161793266069686979e+03
4.516169074299240194e+00	4.541169074299240549e+00	1.706678894265542112e+03
4.532658777095513791e+00	4.557658777095514147e+00	1.820457487216578329e+03
4.549148479891787389e+00	4.574148479891787744e+00	1.592900301314506123e+03
4.565638182688061875e+00	4.590638182688062230e+00	1.365343115412433690e+03
4.582127885484334584e+00	4.607127885484334939e+00	6.826715577062168450e+02
4.598617588280608182e+00	4.623617588280608537e+00	9.102287436082891645e+02
4.615107291076881779e+00	4.640107291076882134e+00	1.592900301314506123e+03
4.631596993873155377e+00	4.656596993873155732e+00	1.024007336559325267e+03
4.648086696669428086e+00	4.673086696669428441e+00	1.024007336559325267e+03
4.664576399465701684e+00	4.689576399465702039e+00	7.964501506572530616e+02
4.681066102261975281e+00	4.706066102261975637e+00	1.479121708363469907e+03
4.697555805058248879e+00	4.722555805058249234e+00	1.251564522461397701e+03
4.714045507854521588e+00	4.739045507854521944e+00	1.592900301314506123e+03
4.730535210650795186e+00	4.755535210650795541e+00	1.592900301314506123e+03
4.747024913447068784e+00	4.772024913447069139e+00	2.161793266069686979e+03
4.763514616243342381e+00	4.788514616243342736e+00	1.592900301314506123e+03
4.780004319039615091e+00	4.805004319039615446e+00	1.592900301314506123e+03
4.796494021835889576e+00	4.821494021835889932e+00	1.592900301314506123e+03
4.812983724632163174e+00	4.837983724632163529e+00	1.592900301314506123e+03
4.829473427428436771e+00	4.854473427428437127e+00	1.592900301314506123e+03
4.845963130224709481e+00	4.870963130224709836e+00	1.934236080167614546e+03
4.862452833020983078e+00	4.887452833020983434e+00	2.503129044922795401e+03
4.878942535817256676e+00	4.903942535817257031e+00	2.730686230824867380e+03
4.895432238613530274e+00	4.920432238613530629e+00	2.503129044922795401e+03
4.911921941409802983e+00	4.936921941409803338e+00	2.958243416726939813e+03
4.928411644206076581e+00	4.953411644206076936e+00	2.161793266069686979e+03
4.944901347002350178e+00	4.969901347002350533e+00	2.048014673118650535e+03
4.961391049798623776e+00	4.986391049798624131e+00	2.389350451971758957e+03
4.977880752594896485e+00	5.002880752594896840e+00	2.275571859020722968e+03
4.994370455391170083e+00	5.019370455391170438e+00	2.048014673118650535e+03
5.010860158187443680e+00	5.035860158187444036e+00	1.820457487216578329e+03
5.027349860983718166e+00	5.052349860983718521e+00	2.389350451971758957e+03
5.043839563779990876e+00	5.068839563779991231e+00	1.479121708363469907e+03
5.060329266576264473e+00	5.085329266576264828e+00	2.503129044922795401e+03
5.076818969372538071e+00	5.101818969372538426e+00	1.820457487216578329e+03
5.093308672168811668e+00	5.118308672168812024e+00	3.072022009677975802e+03
5.109798374965084378e+00	5.134798374965084733e+00	2.161793266069686979e+03
5.126288077761357975e+00	5.151288077761358331e+00	2.161793266069686979e+03
5.142777780557631573e+00	5.167777780557631928e+00	2.503129044922795401e+03
5.159267483353905170e+00	5.184267483353905526e+00	1.365343115412433690e+03
5.175757186150177880e+00	5.200757186150178235e+00	2.275571859020722968e+03
5.192246888946451477e+00	5.217246888946451833e+00	2.503129044922795401e+03
5.208736591742725075e+00	5.233736591742725430e+00	1.479121708363469907e+03
5.225226294538998673e+00	5.250226294538999028e+00	1.934236080167614546e+03
5.241715997335271382e+00	5.266715997335271737e+00	2.616907637873831391e+03
5.258205700131545868e+00	5.283205700131546223e+00	2.161793266069686979e+03
5.274695402927819465e+00	5.299695402927819821e+00	2.616907637873831391e+03
5.291185105724093063e+00	5.316185105724093418e+00	3.072022009677975802e+03
5.307674808520366661e+00	5.332674808520367016e+00	2.503129044922795401e+03
5.324164511316639370e+00	5.349164511316639725e+00	2.844464823775903824e+03
5.340654214112912967e+00	5.365654214112913323e+00	3.527136381482120669e+03
5.357143916909186565e+00	5.382143916909186920e+00	2.958243416726939813e+03
5.373633619705460163e+00	5.398633619705460518e+00	3.413357788531084225e+03
5.390123322501732872e+00	5.415123322501733227e+00	3.185800602629012246e+03
5.406613025298006470e+00	5.431613025298006825e+00	2.503129044922795401e+03
5.423102728094280067e+00	5.448102728094280423e+00	3.754693567384193102e+03
5.439592430890553665e+00	5.464592430890554020e+00	2.844464823775903824e+03
5.456082133686826374e+00	5.481082133686826730e+00	3.072022009677975802e+03
5.472571836483099972e+00	5.497571836483100327e+00	2.730686230824867380e+03
5.489061539279373569e+00	5.514061539279373925e+00	3.868472160335229091e+03
5.505551242075648055e+00	5.530551242075648410e+00	6.144044019355951605e+03
5.522040944871920765e+00	5.547040944871921120e+00	5.916486833453879626e+03
5.538530647668194362e+00	5.563530647668194717e+00	5.916486833453879626e+03
5.555020350464467960e+00	5.580020350464468315e+00	9.898737586740144252e+03
5.571510053260741557e+00	5.596510053260741913e+00	1.240186663166294056e+04
5.587999756057014267e+00	5.612999756057014622e+00	1.820457487216578375e+04
5.604489458853287864e+00	5.629489458853288220e+00	3.026510572497561589e+04
5.620979161649561462e+00	5.645979161649561817e+00	4.312208672844270041e+04
5.637468864445835059e+00	5.662468864445835415e+00	7.145295637325069401e+04
5.653958567242107769e+00	5.678958567242108124e+00	1.080896633034843398e+05
5.670448270038381366e+00	5.695448270038381722e+00	1.667994172662189812e+05
5.686937972834654964e+00	5.711937972834655319e+00	2.425759601716090692e+05
5.703427675630928562e+00	5.728427675630928917e+00	3.595403537252742099e+05
5.719917378427201271e+00	5.744917378427201626e+00	5.080214175263763755e+05
5.736407081223475757e+00	5.761407081223476112e+00	6.802822072542451788e+05
5.752896784019749354e+00	5.777896784019749710e+00	8.776880660242928425e+05
5.769386486816022952e+00	5.794386486816023307e+00	1.121288033532461151e+06
5.785876189612295661e+00	5.810876189612296017e+00	1.328820187075151131e+06
5.802365892408569259e+00	5.827365892408569614e+00	1.540562148557029432e+06
5.818855595204842857e+00	5.843855595204843212e+00	1.680054703514999710e+06
5.835345298001116454e+00	5.860345298001116809e+00	1.778359407824695110e+06
5.851835000797389164e+00	5.876835000797389519e+00	1.783024330135687487e+06
5.868324703593662761e+00	5.893324703593663116e+00	1.736943999990517739e+06
5.884814406389936359e+00	5.909814406389936714e+00	1.585959807144492865e+06
5.901304109186209956e+00	5.926304109186210312e+00	1.364660443854727549e+06
5.917793811982482666e+00	5.942793811982483021e+00	1.144840202273325762e+06
5.934283514778756263e+00	5.959283514778756619e+00	9.243372891342176590e+05
5.950773217575029861e+00	5.975773217575030216e+00	7.105473129792207619e+05
5.967262920371304347e+00	5.992262920371304702e+00	5.145067973245854373e+05
5.983752623167577056e+00	6.008752623167577411e+00	3.659119549305322580e+05
6.000242325963850654e+00	6.025242325963851009e+00	2.446239748447277234e+05
6.016732028760124251e+00	6.041732028760124606e+00	1.662305243014638254e+05
6.033221731556397849e+00	6.058221731556398204e+00	1.055865342585615435e+05
6.049711434352670558e+00	6.074711434352670913e+00	6.644669828340511594e+04
6.066201137148944156e+00	6.091201137148944511e+00	4.323586532139373594e+04
6.082690839945217753e+00	6.107690839945218109e+00	2.662419075054245695e+04
6.099180542741491351e+00	6.124180542741491706e+00	2.275571859020723059e+04
6.115670245537764060e+00	6.140670245537764416e+00	1.922858220872511083e+04
6.132159948334037658e+00	6.157159948334038013e+00	1.843213205806785481e+04
6.148649651130311256e+00	6.173649651130311611e+00	2.195926843954997821e+04
6.165139353926584853e+00	6.190139353926585208e+00	2.855842683071007195e+04
6.181629056722857563e+00	6.206629056722857918e+00	3.800205004564607225e+04
6.198118759519132048e+00	6.223118759519132404e+00	5.165548119977040915e+04
6.214608462315405646e+00	6.239608462315406001e+00	7.190807074505485070e+04
6.231098165111679243e+00	6.256098165111679599e+00	9.455001074231104576e+04
6.247587867907951953e+00	6.272587867907952308e+00	1.373307616919006396e+05
6.264077570704225550e+00	6.289077570704225906e+00	1.832973132441192283e+05
6.280567273500499148e+00	6.305567273500499503e+00	2.300603149469950877e+05
6.297056976296772746e+00	6.322056976296773101e+00	2.978723563458126155e+05
6.313546679093045455e+00	6.338546679093045810e+00	3.801342790494117653e+05
6.330036381889319053e+00	6.355036381889319408e+00	4.776425332084497786e+05
6.346526084685592650e+00	6.371526084685593005e+00	5.283877856646118453e+05
6.363015787481866248e+00	6.388015787481866603e+00	6.062123432431205874e+05
6.379505490278139845e+00	6.404505490278140201e+00	6.823302219273637747e+05
6.395995193074412555e+00	6.420995193074412910e+00	7.058823906682282686e+05
6.412484895870686152e+00	6.437484895870686508e+00	7.033792616233055014e+05
6.428974598666960638e+00	6.453974598666960993e+00	6.854022439370417269e+05
6.445464301463234236e+00	6.470464301463234591e+00	6.412561498720396776e+05
6.461954004259506945e+00	6.486954004259507300e+00	5.686654075692786137e+05
6.478443707055780543e+00	6.503443707055780898e+00	4.903857356189658167e+05
6.494933409852054140e+00	6.519933409852054496e+00	4.176812147232536809e+05
6.511423112648327738e+00	6.536423112648328093e+00	3.298441409650538117e+05
6.527912815444600447e+00	6.552912815444600803e+00	2.508817974570346996e+05
6.544402518240874045e+00	6.569402518240874400e+00	1.859142208819930675e+05
6.560892221037147642e+00	6.585892221037147998e+00	1.350551898328798998e+05
6.577381923833421240e+00	6.602381923833421595e+00	9.181932451148617838e+04
6.593871626629693949e+00	6.618871626629694305e+00	5.643418210371393070e+04
6.610361329425967547e+00	6.635361329425967902e+00	3.754693567384193011e+04
6.626851032222241145e+00	6.651851032222241500e+00	2.798953386595489064e+04
6.643340735018514742e+00	6.668340735018515097e+00	1.456365989773262663e+04
6.659830437814787452e+00	6.684830437814787807e+00	9.557401807887035829e+03
6.676320140611061937e+00	6.701320140611062293e+00	5.575151054600771204e+03
6.692809843407335535e+00	6.717809843407335890e+00	5.347593868698699225e+03
6.709299546203609133e+00	6.734299546203609488e+00	4.096029346237301070e+03
6.725789248999881842e+00	6.750789248999882197e+00	2.616907637873831391e+03
6.742278951796155440e+00	6.767278951796155795e+00	2.048014673118650535e+03
6.758768654592429037e+00	6.783768654592429392e+00	1.706678894265542112e+03
6.775258357388702635e+00	6.800258357388702990e+00	2.275571859020722968e+03
6.791748060184975344e+00	6.816748060184975699e+00	1.934236080167614546e+03
6.808237762981248942e+00	6.833237762981249297e+00	1.365343115412433690e+03
6.824727465777522539e+00	6.849727465777522895e+00	1.592900301314506123e+03
6.841217168573796137e+00	6.866217168573796492e+00	1.251564522461397701e+03
6.857706871370068846e+00	6.882706871370069202e+00	1.820457487216578329e+03
6.874196574166342444e+00	6.899196574166342799e+00	1.820457487216578329e+03
6.890686276962616041e+00	6.915686276962616397e+00	1.820457487216578329e+03
6.907175979758890527e+00	6.932175979758890882e+00	1.365343115412433690e+03
6.923665682555163237e+00	6.948665682555163592e+00	1.251564522461397701e+03
6.940155385351436834e+00	6.965155385351437189e+00	1.934236080167614546e+03
6.956645088147710432e+00	6.981645088147710787e+00	2.161793266069686979e+03
6.973134790943984029e+00	6.998134790943984385e+00	1.024007336559325267e+03
6.989624493740256739e+00	7.014624493740257094e+00	1.820457487216578329e+03
7.006114196536530336e+00	7.031114196536530692e+00	1.820457487216578329e+03
7.022603899332803934e+00	7.047603899332804289e+00	1.592900301314506123e+03
7.039093602129077532e+00	7.064093602129077887e+00	1.706678894265542112e+03
7.055583304925350241e+00	7.080583304925350596e+00	1.479121708363469907e+03
7.072073007721623839e+00	7.097073007721624194e+00	2.275571859020722968e+03
7.088562710517897436e+00	7.113562710517897791e+00	1.137785929510361484e+03
7.105052413314171034e+00	7.130052413314171389e+00	1.024007336559325267e+03
7.121542116110443743e+00	7.146542116110444098e+00	1.706678894265542112e+03
7.138031818906718229e+00	7.163031818906718584e+00	1.251564522461397701e+03
7.154521521702991826e+00	7.179521521702992182e+00	1.251564522461397701e+03
7.171011224499265424e+00	7.196011224499265779e+00	2.161793266069686979e+03
7.187500927295538133e+00	7.212500927295538489e+00	1.137785929510361484e+03
7.203990630091811731e+00	7.228990630091812086e+00	2.048014673118650535e+03
7.220480332888085329e+00	7.245480332888085684e+00	1.365343115412433690e+03
7.236970035684358926e+00	7.261970035684359281e+00	1.137785929510361484e+03
7.253459738480631636e+00	7.278459738480631991e+00	1.479121708363469907e+03
7.269949441276905233e+00	7.294949441276905588e+00	1.137785929510361484e+03
7.286439144073178831e+00	7.311439144073179186e+00	1.479121708363469907e+03
7.302928846869452428e+00	7.327928846869452784e+00	1.934236080167614546e+03
7.319418549665725138e+00	7.344418549665725493e+00	2.503129044922795401e+03
7.335908252461998735e+00	7.360908252461999091e+00	1.024007336559325267e+03
7.352397955258272333e+00	7.377397955258272688e+00	1.251564522461397701e+03
7.368887658054546819e+00	7.393887658054547174e+00	1.820457487216578329e+03
7.385377360850819528e+00	7.410377360850819883e+00	9.102287436082891645e+02
7.401867063647093126e+00	7.426867063647093481e+00	1.706678894265542112e+03
7.418356766443366723e+00	7.443356766443367079e+00	1.251564522461397701e+03
7.434846469239640321e+00	7.459846469239640676e+00	1.024007336559325267e+03
7.451336172035913918e+00	7.476336172035914274e+00	1.592900301314506123e+03
7.467825874832186628e+00	7.492825874832186983e+00	9.102287436082891645e+02
7.484315577628460225e+00	7.509315577628460581e+00	1.251564522461397701e+03
7.500805280424733823e+00	7.525805280424734178e+00	9.102287436082891645e+02
7.517294983221007421e+00	7.542294983221007776e+00	1.479121708363469907e+03
7.533784686017280130e+00	7.558784686017280485e+00	7.964501506572530616e+02
7.550274388813553728e+00	7.575274388813554083e+00	1.934236080167614546e+03
7.566764091609827325e+00	7.591764091609827680e+00	1.251564522461397701e+03
7.583253794406100923e+00	7.608253794406101278e+00	1.024007336559325267e+03
7.599743497202374520e+00	7.624743497202374876e+00	1.365343115412433690e+03
7.616233199998648118e+00	7.641233199998648473e+00	1.024007336559325267e+03
7.632722902794921715e+00	7.657722902794922071e+00	1.934236080167614546e+03
7.649212605591195313e+00	7.674212605591195668e+00	1.365343115412433690e+03
7.665702308387468022e+00	7.690702308387468378e+00	6.826715577062168450e+02
7.682192011183741620e+00	7.707192011183741975e+00	2.161793266069686979e+03
7.698681713980015218e+00	7.723681713980015573e+00	1.706678894265542112e+03
7.715171416776288815e+00	7.740171416776289171e+00	1.934236080167614546e+03
7.731661119572561525e+00	7.756661119572561880e+00	2.048014673118650535e+03
7.748150822368835122e+00	7.773150822368835478e+00	2.048014673118650535e+03
7.764640525165108720e+00	7.789640525165109075e+00	1.934236080167614546e+03
7.781130227961382317e+00	7.806130227961382673e+00	2.048014673118650535e+03
7.797619930757655027e+00	7.822619930757655382e+00	1.706678894265542112e+03
7.814109633553928624e+00	7.839109633553928980e+00	2.275571859020722968e+03
7.830599336350202222e+00	7.855599336350202577e+00	2.616907637873831391e+03
7.847089039146476708e+00	7.872089039146477063e+00	1.706678894265542112e+03
7.863578741942749417e+00	7.888578741942749772e+00	2.616907637873831391e+03
7.880068444739023015e+00	7.905068444739023370e+00	1.934236080167614546e+03
7.896558147535296612e+00	7.921558147535296968e+00	1.706678894265542112e+03
7.913047850331570210e+00	7.938047850331570565e+00	1.592900301314506123e+03
7.929537553127842919e+00	7.954537553127843275e+00	1.706678894265542112e+03
7.946027255924116517e+00	7.971027255924116872e+00	2.161793266069686979e+03
7.962516958720390114e+00	7.987516958720390470e+00	1.706678894265542112e+03
7.979006661516663712e+00	8.004006661516664067e+00	1.706678894265542112e+03
7.995496364312936421e+00	8.020496364312936777e+00	1.820457487216578329e+03
8.011986067109210907e+00	8.036986067109211263e+00	2.161793266069686979e+03
8.028475769905483617e+00	8.053475769905483972e+00	2.389350451971758957e+03
8.044965472701756326e+00	8.069965472701756681e+00	1.479121708363469907e+03
8.061455175498030812e+00	8.086455175498031167e+00	1.706678894265542112e+03
8.077944878294305298e+00	8.102944878294305653e+00	1.251564522461397701e+03
8.094434581090578007e+00	8.119434581090578362e+00	1.934236080167614546e+03
8.110924283886850716e+00	8.135924283886851072e+00	1.706678894265542112e+03
8.127413986683125202e+00	8.152413986683125557e+00	1.251564522461397701e+03
8.143903689479397912e+00	8.168903689479398267e+00	1.934236080167614546e+03
8.160393392275670621e+00	8.185393392275670976e+00	1.592900301314506123e+03
8.176883095071945107e+00	8.201883095071945462e+00	1.024007336559325267e+03
8.193372797868217816e+00	8.218372797868218171e+00	1.024007336559325267e+03
8.209862500664490526e+00	8.234862500664490881e+00	1.592900301314506123e+03
8.226352203460765011e+00	8.251352203460765367e+00	1.592900301314506123e+03
8.242841906257037721e+00	8.267841906257038076e+00	1.137785929510361484e+03
8.259331609053312206e+00	8.284331609053312562e+00	1.251564522461397701e+03
8.275821311849584916e+00	8.300821311849585271e+00	1.251564522461397701e+03
8.292311014645857625e+00	8.317311014645857981e+00	1.820457487216578329e+03
8.308800717442132111e+00	8.333800717442132466e+00	1.024007336559325267e+03
8.325290420238404820e+00	8.350290420238405176e+00	1.024007336559325267e+03
8.341780123034679306e+00	8.366780123034679661e+00	1.137785929510361484e+03
8.358269825830952016e+00	8.383269825830952371e+00	1.706678894265542112e+03
8.374759528627226501e+00	8.399759528627226857e+00	1.820457487216578329e+03
8.391249231423499211e+00	8.416249231423499566e+00	1.592900301314506123e+03
8.407738934219773697e+00	8.432738934219774052e+00	1.137785929510361484e+03
8.424228637016046406e+00	8.449228637016046761e+00	1.592900301314506123e+03
8.440718339812319115e+00	8.465718339812319471e+00	1.592900301314506123e+03
8.457208042608593601e+00	8.482208042608593956e+00	9.102287436082891645e+02
8.473697745404866311e+00	8.498697745404866666e+00	1.820457487216578329e+03
8.490187448201140796e+00	8.515187448201141152e+00	9.102287436082891645e+02
8.506677150997413506e+00	8.531677150997413861e+00	1.820457487216578329e+03
8.523166853793687991e+00	8.548166853793688347e+00	1.251564522461397701e+03
8.539656556589960701e+00	8.564656556589961056e+00	7.964501506572530616e+02
8.556146259386235187e+00	8.581146259386235542e+00	1.706678894265542112e+03
8.572635962182506120e+00	8.597635962182506475e+00	1.706678894265542112e+03
8.589125664978780605e+00	8.614125664978780961e+00	1.592900301314506123e+03
8.605615367775053315e+00	8.630615367775053670e+00	1.706678894265542112e+03
8.622105070571327801e+00	8.647105070571328156e+00	1.479121708363469907e+03
8.638594773367600510e+00	8.663594773367600865e+00	1.592900301314506123e+03
8.655084476163874996e+00	8.680084476163875351e+00	1.251564522461397701e+03
8.671574178960149482e+00	8.696574178960149837e+00	1.592900301314506123e+03
8.688063881756422191e+00	8.713063881756422546e+00	2.161793266069686979e+03
8.704553584552694900e+00	8.729553584552695256e+00	1.706678894265542112e+03
8.721043287348967610e+00	8.746043287348967965e+00	9.102287436082891645e+02
8.737532990145242096e+00	8.762532990145242451e+00	1.137785929510361484e+03
8.754022692941514805e+00	8.779022692941515160e+00	1.592900301314506123e+03
8.770512395737789291e+00	8.795512395737789646e+00	1.137785929510361484e+03
8.787002098534062000e+00	8.812002098534062355e+00	6.826715577062168450e+02
8.803491801330336486e+00	8.828491801330336841e+00	9.102287436082891645e+02
8.819981504126609195e+00	8.844981504126609551e+00	9.102287436082891645e+02
8.836471206922881905e+00	8.861471206922882260e+00	9.102287436082891645e+02
8.852960909719154614e+00	8.877960909719154969e+00	9.102287436082891645e+02
8.869450612515429100e+00	8.894450612515429455e+00	1.024007336559325267e+03
8.885940315311701809e+00	8.910940315311702165e+00	1.365343115412433690e+03
8.902430018107976295e+00	8.927430018107976650e+00	9.102287436082891645e+02
8.918919720904250781e+00	8.943919720904251136e+00	9.102287436082891645e+02
8.935409423700523490e+00	8.960409423700523845e+00	9.102287436082891645e+02
8.951899126496797976e+00	8.976899126496798331e+00	1.024007336559325267e+03
8.968388829293068909e+00	8.993388829293069264e+00	4.551143718041445823e+02
8.984878532089343395e+00	9.009878532089343750e+00	1.024007336559325267e+03
9.001368234885616104e+00	9.026368234885616459e+00	7.964501506572530616e+02
9.017857937681890590e+00	9.042857937681890945e+00	9.102287436082891645e+02
9.034347640478163299e+00	9.059347640478163655e+00	1.024007336559325267e+03
9.050837343274437785e+00	9.075837343274438140e+00	7.964501506572530616e+02
9.067327046070710495e+00	9.092327046070710850e+00	4.551143718041445823e+02
9.083816748866984980e+00	9.108816748866985336e+00	6.826715577062168450e+02
9.100306451663255913e+00	9.125306451663256269e+00	5.688929647551807420e+02
9.116796154459530399e+00	9.141796154459530754e+00	1.024007336559325267e+03
9.133285857255804885e+00	9.158285857255805240e+00	1.024007336559325267e+03
9.149775560052077594e+00	9.174775560052077950e+00	4.551143718041445823e+02
9.166265262848352080e+00	9.191265262848352435e+00	6.826715577062168450e+02
9.182754965644624789e+00	9.207754965644625145e+00	6.826715577062168450e+02
9.199244668440899275e+00	9.224244668440899630e+00	1.024007336559325267e+03
9.215734371237171985e+00	9.240734371237172340e+00	1.592900301314506123e+03
9.232224074033444694e+00	9.257224074033445049e+00	9.102287436082891645e+02
9.248713776829717403e+00	9.273713776829717759e+00	1.137785929510361484e+03
9.265203479625991889e+00	9.290203479625992244e+00	1.706678894265542112e+03
9.281693182422264599e+00	9.306693182422264954e+00	6.826715577062168450e+02
9.298182885218539084e+00	9.323182885218539440e+00	2.275571859020722911e+02
9.314672588014811794e+00	9.339672588014812149e+00	1.592900301314506123e+03
9.331162290811086280e+00	9.356162290811086635e+00	7.964501506572530616e+02
9.347651993607358989e+00	9.372651993607359344e+00	1.251564522461397701e+03
9.364141696403631698e+00	9.389141696403632054e+00	1.024007336559325267e+03
9.380631399199906184e+00	9.405631399199906539e+00	6.826715577062168450e+02
9.397121101996178894e+00	9.422121101996179249e+00	6.826715577062168450e+02
9.413610804792453379e+00	9.438610804792453735e+00	7.964501506572530616e+02
9.430100507588726089e+00	9.455100507588726444e+00	1.365343115412433690e+03
9.446590210385000574e+00	9.471590210385000930e+00	6.826715577062168450e+02
9.463079913181273284e+00	9.488079913181273639e+00	1.024007336559325267e+03
9.479569615977547770e+00	9.504569615977548125e+00	5.688929647551807420e+02
9.496059318773818703e+00	9.521059318773819058e+00	1.251564522461397701e+03
9.512549021570093188e+00	9.537549021570093544e+00	7.964501506572530616e+02
9.529038724366365898e+00	9.554038724366366253e+00	6.826715577062168450e+02
9.545528427162640384e+00	9.570528427162640739e+00	1.024007336559325267e+03
9.562018129958913093e+00	9.587018129958913448e+00	9.102287436082891645e+02
9.578507832755187579e+00	9.603507832755187934e+00	9.102287436082891645e+02
9.594997535551462065e+00	9.619997535551462420e+00	1.024007336559325267e+03
9.611487238347734774e+00	9.636487238347735129e+00	1.592900301314506123e+03
9.627976941144009260e+00	9.652976941144009615e+00	7.964501506572530616e+02
9.644466643940280193e+00	9.669466643940280548e+00	9.102287436082891645e+02
9.660956346736554679e+00	9.685956346736555034e+00	1.365343115412433690e+03
9.677446049532827388e+00	9.702446049532827743e+00	1.137785929510361484e+03
9.693935752329101874e+00	9.718935752329102229e+00	6.826715577062168450e+02
9.710425455125374583e+00	9.735425455125374938e+00	1.024007336559325267e+03
9.726915157921649069e+00	9.751915157921649424e+00	5.688929647551807420e+02
9.743404860717921778e+00	9.768404860717922134e+00	1.251564522461397701e+03
9.759894563514196264e+00	9.784894563514196619e+00	6.826715577062168450e+02
9.776384266310467197e+00	9.801384266310467552e+00	1.137785929510361484e+03
9.792873969106741683e+00	9.817873969106742038e+00	1.592900301314506123e+03
9.809363671903014392e+00	9.834363671903014747e+00	1.024007336559325267e+03
9.825853374699288878e+00	9.850853374699289233e+00	6.826715577062168450e+02
9.842343077495563364e+00	9.867343077495563719e+00	1.251564522461397701e+03
9.858832780291836073e+00	9.883832780291836428e+00	3.413357788531084225e+02
9.875322483088110559e+00	9.900322483088110914e+00	7.964501506572530616e+02
9.891812185884383268e+00	9.916812185884383624e+00	7.964501506572530616e+02
9.908301888680655978e+00	9.933301888680656333e+00	1.137785929510361484e+03
9.924791591476928687e+00	9.949791591476929042e+00	1.137785929510361484e+03
9.941281294273203173e+00	9.966281294273203528e+00	1.479121708363469907e+03
9.957770997069475882e+00	9.982770997069476238e+00	1.024007336559325267e+03
9.974260699865750368e+00	9.999260699865750723e+00	9.102287436082891645e+02
9.990750402662023077e+00	1.001575040266202343e+01	7.964501506572530616e+02
1.000724010545829756e+01	1.003224010545829792e+01	6.826715577062168450e+02
1.002372980825457027e+01	1.004872980825457063e+01	1.479121708363469907e+03
1.004021951105084298e+01	1.006521951105084334e+01	1.479121708363469907e+03
1.005670921384711569e+01	1.008170921384711605e+01	9.102287436082891645e+02
1.007319891664339018e+01	1.009819891664339053e+01	6.826715577062168450e+02
1.008968861943966466e+01	1.011468861943966502e+01	7.964501506572530616e+02
1.010617832223593737e+01	1.013117832223593773e+01	1.479121708363469907e+03
1.012266802503221186e+01	1.014766802503221221e+01	1.251564522461397701e+03
1.013915772782848457e+01	1.016415772782848492e+01	1.024007336559325267e+03
1.015564743062475905e+01	1.018064743062475941e+01	1.137785929510361484e+03
1.017213713342102999e+01	1.019713713342103034e+01	1.479121708363469907e+03
1.018862683621730447e+01	1.021362683621730483e+01	1.024007336559325267e+03
1.020511653901357718e+01	1.023011653901357754e+01	5.688929647551807420e+02
1.022160624180985167e+01	1.024660624180985202e+01	6.826715577062168450e+02
1.023809594460612438e+01	1.026309594460612473e+01	1.024007336559325267e+03
1.025458564740239886e+01	1.027958564740239922e+01	1.479121708363469907e+03
1.027107535019867157e+01	1.029607535019867193e+01	1.024007336559325267e+03
1.028756505299494606e+01	1.031256505299494641e+01	1.365343115412433690e+03
1.030405475579121877e+01	1.032905475579121912e+01	1.137785929510361484e+03
1.032054445858749148e+01	1.034554445858749183e+01	1.024007336559325267e+03
1.033703416138376596e+01	1.036203416138376632e+01	1.479121708363469907e+03
1.035352386418003867e+01	1.037852386418003903e+01	1.024007336559325267e+03
1.037001356697631316e+01	1.039501356697631351e+01	9.102287436082891645e+02
1.038650326977258587e+01	1.041150326977258622e+01	1.592900301314506123e+03
1.040299297256886035e+01	1.042799297256886071e+01	9.102287436082891645e+02
1.041948267536513306e+01	1.044448267536513342e+01	5.688929647551807420e+02
1.043597237816140577e+01	1.046097237816140613e+01	9.102287436082891645e+02
1.045246208095767848e+01	1.047746208095767884e+01	9.102287436082891645e+02
1.046895178375395297e+01	1.049395178375395332e+01	1.251564522461397701e+03
1.048544148655022568e+01	1.051044148655022603e+01	1.479121708363469907e+03
1.050193118934650016e+01	1.052693118934650052e+01	1.251564522461397701e+03
1.051842089214277287e+01	1.054342089214277323e+01	1.592900301314506123e+03
1.053491059493904736e+01	1.055991059493904771e+01	1.365343115412433690e+03
1.055140029773532184e+01	1.057640029773532220e+01	1.479121708363469907e+03
1.056789000053159278e+01	1.059289000053159313e+01	9.102287436082891645e+02
1.058437970332786726e+01	1.060937970332786762e+01	6.826715577062168450e+02
1.060086940612413997e+01	1.062586940612414033e+01	1.365343115412433690e+03
1.061735910892041446e+01	1.064235910892041481e+01	1.137785929510361484e+03
1.063384881171668717e+01	1.065884881171668752e+01	5.688929647551807420e+02
1.065033851451296165e+01	1.067533851451296201e+01	9.102287436082891645e+02
1.066682821730923436e+01	1.069182821730923472e+01	1.137785929510361484e+03
1.068331792010550885e+01	1.070831792010550920e+01	1.024007336559325267e+03
1.069980762290177978e+01	1.072480762290178014e+01	9.102287436082891645e+02
1.071629732569805427e+01	1.074129732569805462e+01	1.137785929510361484e+03
1.073278702849432698e+01	1.075778702849432733e+01	1.251564522461397701e+03
1.074927673129060146e+01	1.077427673129060182e+01	1.251564522461397701e+03
1.076576643408687417e+01	1.079076643408687453e+01	1.251564522461397701e+03
1.078225613688314866e+01	1.080725613688314901e+01	1.706678894265542112e+03
1.079874583967942314e+01	1.082374583967942350e+01	1.137785929510361484e+03
1.081523554247569585e+01	1.084023554247569621e+01	1.251564522461397701e+03
1.083172524527197034e+01	1.085672524527197069e+01	7.964501506572530616e+02
1.084821494806824127e+01	1.087321494806824163e+01	1.137785929510361484e+03
1.086470465086451576e+01	1.088970465086451611e+01	1.706678894265542112e+03
1.088119435366078847e+01	1.090619435366078882e+01	1.365343115412433690e+03
1.089768405645706295e+01	1.092268405645706331e+01	9.102287436082891645e+02
1.091417375925333566e+01	1.093917375925333602e+01	2.389350451971758957e+03
1.093066346204961015e+01	1.095566346204961050e+01	1.251564522461397701e+03
1.094715316484588286e+01	1.097215316484588321e+01	1.479121708363469907e+03
1.096364286764215734e+01	1.098864286764215770e+01	1.365343115412433690e+03
1.098013257043842827e+01	1.100513257043842863e+01	1.479121708363469907e+03
1.099662227323470276e+01	1.102162227323470312e+01	9.102287436082891645e+02
1.101311197603097725e+01	1.103811197603097760e+01	1.137785929510361484e+03
1.102960167882724996e+01	1.105460167882725031e+01	1.820457487216578329e+03
1.104609138162352444e+01	1.107109138162352480e+01	7.964501506572530616e+02
1.106258108441979715e+01	1.108758108441979751e+01	5.688929647551807420e+02
1.107907078721607164e+01	1.110407078721607199e+01	2.048014673118650535e+03
1.109556049001234435e+01	1.112056049001234470e+01	7.964501506572530616e+02
1.111205019280861706e+01	1.113705019280861741e+01	9.102287436082891645e+02
1.112853989560488976e+01	1.115353989560489012e+01	1.479121708363469907e+03
1.114502959840116425e+01	1.117002959840116461e+01	1.024007336559325267e+03
1.116151930119743696e+01	1.118651930119743731e+01	1.365343115412433690e+03
1.117800900399371145e+01	1.120300900399371180e+01	1.365343115412433690e+03
1.119449870678998415e+01	1.121949870678998451e+01	1.137785929510361484e+03
1.121098840958625864e+01	1.123598840958625900e+01	1.137785929510361484e+03
1.122747811238253135e+01	1.125247811238253171e+01	1.251564522461397701e+03
1.124396781517880406e+01	1.126896781517880441e+01	6.826715577062168450e+02
1.126045751797507855e+01	1.128545751797507890e+01	1.137785929510361484e+03
1.127694722077135125e+01	1.130194722077135161e+01	1.024007336559325267e+03
1.129343692356762574e+01	1.131843692356762610e+01	1.706678894265542112e+03
1.130992662636389845e+01	1.133492662636389881e+01	1.251564522461397701e+03
1.132641632916017294e+01	1.135141632916017329e+01	2.048014673118650535e+03
1.134290603195644564e+01	1.136790603195644600e+01	9.102287436082891645e+02
1.135939573475272013e+01	1.138439573475272049e+01	1.137785929510361484e+03
1.137588543754899106e+01	1.140088543754899142e+01	2.048014673118650535e+03
1.139237514034526555e+01	1.141737514034526590e+01	9.102287436082891645e+02
1.140886484314153826e+01	1.143386484314153861e+01	1.479121708363469907e+03
1.142535454593781274e+01	1.145035454593781310e+01	1.024007336559325267e+03
1.144184424873408545e+01	1.146684424873408581e+01	1.365343115412433690e+03
1.145833395153035994e+01	1.148333395153036030e+01	1.592900301314506123e+03
1.147482365432663443e+01	1.149982365432663478e+01	1.251564522461397701e+03
1.149131335712290714e+01	1.151631335712290749e+01	7.964501506572530616e+02
1.150780305991917984e+01	1.153280305991918020e+01	1.024007336559325267e+03
1.152429276271545255e+01	1.154929276271545291e+01	1.365343115412433690e+03
1.154078246551172704e+01	1.156578246551172739e+01	1.251564522461397701e+03
1.155727216830799975e+01	1.158227216830800010e+01	1.479121708363469907e+03
1.157376187110427423e+01	1.159876187110427459e+01	1.137785929510361484e+03
1.159025157390054694e+01	1.161525157390054730e+01	1.251564522461397701e+03
1.160674127669682143e+01	1.163174127669682179e+01	1.024007336559325267e+03
1.162323097949309414e+01	1.164823097949309449e+01	1.706678894265542112e+03
1.163972068228936685e+01	1.166472068228936720e+01	1.251564522461397701e+03
1.165621038508563956e+01	1.168121038508563991e+01	7.964501506572530616e+02
1.167270008788191404e+01	1.169770008788191440e+01	1.592900301314506123e+03
1.168918979067818675e+01	1.171418979067818711e+01	1.820457487216578329e+03
1.170567949347446124e+01	1.173067949347446159e+01	1.592900301314506123e+03
1.172216919627073572e+01	1.174716919627073608e+01	1.365343115412433690e+03
1.173865889906700843e+01	1.176365889906700879e+01	9.102287436082891645e+02
1.175514860186328292e+01	1.178014860186328328e+01	1.251564522461397701e+03
1.177163830465955385e+01	1.179663830465955421e+01	1.365343115412433690e+03
1.178812800745582834e+01	1.181312800745582869e+01	7.964501506572530616e+02
1.180461771025210105e+01	1.182961771025210140e+01	1.706678894265542112e+03
1.182110741304837553e+01	1.184610741304837589e+01	1.251564522461397701e+03
1.183759711584464824e+01	1.186259711584464860e+01	1.024007336559325267e+03
1.185408681864092273e+01	1.187908681864092308e+01	9.102287436082891645e+02
1.187057652143719544e+01	1.189557652143719579e+01	1.479121708363469907e+03
1.188706622423346992e+01	1.191206622423347028e+01	7.964501506572530616e+02
1.190355592702974086e+01	1.192855592702974121e+01	1.251564522461397701e+03
1.192004562982601534e+01	1.194504562982601570e+01	1.934236080167614546e+03
1.193653533262228805e+01	1.196153533262228841e+01	1.251564522461397701e+03
1.195302503541856254e+01	1.197802503541856289e+01	1.024007336559325267e+03
1.196951473821483702e+01	1.199451473821483738e+01	5.688929647551807420e+02
1.198600444101110973e+01	1.201100444101111009e+01	1.365343115412433690e+03
1.200249414380738422e+01	1.202749414380738457e+01	1.479121708363469907e+03
1.201898384660365693e+01	1.204398384660365728e+01	1.024007336559325267e+03
1.203547354939993141e+01	1.206047354939993177e+01	7.964501506572530616e+02
1.205196325219620235e+01	1.207696325219620270e+01	7.964501506572530616e+02
1.206845295499247683e+01	1.209345295499247719e+01	1.137785929510361484e+03
1.208494265778874954e+01	1.210994265778874990e+01	9.102287436082891645e+02
1.210143236058502403e+01	1.212643236058502438e+01	1.251564522461397701e+03
1.211792206338129674e+01	1.214292206338129709e+01	1.365343115412433690e+03
1.213441176617757122e+01	1.215941176617757158e+01	9.102287436082891645e+02
1.215090146897384393e+01	1.217590146897384429e+01	6.826715577062168450e+02
1.216739117177011842e+01	1.219239117177011877e+01	7.964501506572530616e+02
1.218388087456639113e+01	1.220888087456639148e+01	1.137785929510361484e+03
1.220037057736266384e+01	1.222537057736266419e+01	1.592900301314506123e+03
1.221686028015893832e+01	1.224186028015893868e+01	1.592900301314506123e+03
1.223334998295521103e+01	1.225834998295521139e+01	9.102287436082891645e+02
1.224983968575148552e+01	1.227483968575148587e+01	1.137785929510361484e+03
1.226632938854775823e+01	1.229132938854775858e+01	1.137785929510361484e+03
1.228281909134403271e+01	1.230781909134403307e+01	1.706678894265542112e+03
1.229930879414030542e+01	1.232430879414030578e+01	1.706678894265542112e+03
1.231579849693657813e+01	1.234079849693657849e+01	5.688929647551807420e+02
1.233228819973285084e+01	1.235728819973285120e+01	2.161793266069686979e+03
1.234877790252912533e+01	1.237377790252912568e+01	1.479121708363469907e+03
1.236526760532539804e+01	1.239026760532539839e+01	1.137785929510361484e+03
1.238175730812167252e+01	1.240675730812167288e+01	1.137785929510361484e+03
1.239824701091794523e+01	1.242324701091794559e+01	1.137785929510361484e+03
1.241473671371421972e+01	1.243973671371422007e+01	1.024007336559325267e+03
1.243122641651049420e+01	1.245622641651049456e+01	1.024007336559325267e+03
1.244771611930676514e+01	1.247271611930676549e+01	1.479121708363469907e+03
1.246420582210303962e+01	1.248920582210303998e+01	5.688929647551807420e+02
1.248069552489931233e+01	1.250569552489931269e+01	1.479121708363469907e+03
1.249718522769558682e+01	1.252218522769558717e+01	1.592900301314506123e+03
1.251367493049185953e+01	1.253867493049185988e+01	2.275571859020722911e+02
1.253016463328813401e+01	1.255516463328813437e+01	1.024007336559325267e+03
1.254665433608440672e+01	1.257165433608440708e+01	1.934236080167614546e+03
1.256314403888068121e+01	1.258814403888068156e+01	1.137785929510361484e+03
1.257963374167695214e+01	1.260463374167695250e+01	1.365343115412433690e+03
1.259612344447322663e+01	1.262112344447322698e+01	1.365343115412433690e+03
1.261261314726949934e+01	1.263761314726949969e+01	2.275571859020722968e+03
1.262910285006577382e+01	1.265410285006577418e+01	1.365343115412433690e+03
1.264559255286204831e+01	1.267059255286204866e+01	1.934236080167614546e+03
1.266208225565832102e+01	1.268708225565832137e+01	1.820457487216578329e+03
1.267857195845459550e+01	1.270357195845459586e+01	1.251564522461397701e+03
1.269506166125086821e+01	1.272006166125086857e+01	1.024007336559325267e+03
1.271155136404714092e+01	1.273655136404714128e+01	6.826715577062168450e+02
1.272804106684341363e+01	1.275304106684341399e+01	1.024007336559325267e+03
1.274453076963968812e+01	1.276953076963968847e+01	1.137785929510361484e+03
1.276102047243596083e+01	1.278602047243596118e+01	9.102287436082891645e+02
1.277751017523223531e+01	1.280251017523223567e+01	6.826715577062168450e+02
1.279399987802850802e+01	1.281899987802850838e+01	6.826715577062168450e+02
1.281048958082478251e+01	1.283548958082478286e+01	1.479121708363469907e+03
1.282697928362105522e+01	1.285197928362105557e+01	1.479121708363469907e+03
1.284346898641732793e+01	1.286846898641732828e+01	1.024007336559325267e+03
1.285995868921360064e+01	1.288495868921360099e+01	1.024007336559325267e+03
1.287644839200987512e+01	1.290144839200987548e+01	1.592900301314506123e+03
1.289293809480614961e+01	1.291793809480614996e+01	1.592900301314506123e+03
1.290942779760242232e+01	1.293442779760242267e+01	1.592900301314506123e+03
1.292591750039869680e+01	1.295091750039869716e+01	1.251564522461397701e+03
1.294240720319496951e+01	1.296740720319496987e+01	1.592900301314506123e+03
1.295889690599124400e+01	1.298389690599124435e+01	1.024007336559325267e+03
1.297538660878751493e+01	1.300038660878751529e+01	1.934236080167614546e+03
1.299187631158378942e+01	1.301687631158378977e+01	1.024007336559325267e+03
1.300836601438006213e+01	1.303336601438006248e+01	1.592900301314506123e+03
1.302485571717633661e+01	1.304985571717633697e+01	1.251564522461397701e+03
1.304134541997260932e+01	1.306634541997260968e+01	1.934236080167614546e+03
1.305783512276888381e+01	1.308283512276888416e+01	1.592900301314506123e+03
1.307432482556515652e+01	1.309932482556515687e+01	9.102287436082891645e+02
1.309081452836143100e+01	1.311581452836143136e+01	1.251564522461397701e+03
1.310730423115770193e+01	1.313230423115770229e+01	5.688929647551807420e+02
1.312379393395397642e+01	1.314879393395397678e+01	1.820457487216578329e+03
1.314028363675025091e+01	1.316528363675025126e+01	1.137785929510361484e+03
1.315677333954652362e+01	1.318177333954652397e+01	1.934236080167614546e+03
1.317326304234279810e+01	1.319826304234279846e+01	1.251564522461397701e+03
1.318975274513907081e+01	1.321475274513907117e+01	1.592900301314506123e+03
1.320624244793534530e+01	1.323124244793534565e+01	6.826715577062168450e+02
1.322273215073161801e+01	1.324773215073161836e+01	1.365343115412433690e+03
1.323922185352789249e+01	1.326422185352789285e+01	9.102287436082891645e+02
1.325571155632416342e+01	1.328071155632416378e+01	1.251564522461397701e+03
1.327220125912043791e+01	1.329720125912043827e+01	1.820457487216578329e+03
1.328869096191671062e+01	1.331369096191671098e+01	1.024007336559325267e+03
1.330518066471298511e+01	1.333018066471298546e+01	1.251564522461397701e+03
1.332167036750925782e+01	1.334667036750925817e+01	1.706678894265542112e+03
1.333816007030553230e+01	1.336316007030553266e+01	1.820457487216578329e+03
1.335464977310180679e+01	1.337964977310180714e+01	1.365343115412433690e+03
1.337113947589807950e+01	1.339613947589807985e+01	3.413357788531084225e+02
1.338762917869435221e+01	1.341262917869435256e+01	2.048014673118650535e+03
1.340411888149062491e+01	1.342911888149062527e+01	1.137785929510361484e+03
1.342060858428689940e+01	1.344560858428689976e+01	1.934236080167614546e+03
1.343709828708317211e+01	1.346209828708317247e+01	1.820457487216578329e+03
1.345358798987944660e+01	1.347858798987944695e+01	1.592900301314506123e+03
1.347007769267571931e+01	1.349507769267571966e+01	1.365343115412433690e+03
1.348656739547199379e+01	1.351156739547199415e+01	1.592900301314506123e+03
1.350305709826826650e+01	1.352805709826826686e+01	7.964501506572530616e+02
1.351954680106453921e+01	1.354454680106453957e+01	6.826715577062168450e+02
1.353603650386081192e+01	1.356103650386081227e+01	1.934236080167614546e+03
1.355252620665708641e+01	1.357752620665708676e+01	1.024007336559325267e+03
1.356901590945335911e+01	1.359401590945335947e+01	6.826715577062168450e+02
1.358550561224963360e+01	1.361050561224963396e+01	1.592900301314506123e+03
1.360199531504590809e+01	1.362699531504590844e+01	1.706678894265542112e+03
1.361848501784218080e+01	1.364348501784218115e+01	1.479121708363469907e+03
1.363497472063845528e+01	1.365997472063845564e+01	1.251564522461397701e+03
1.365146442343472621e+01	1.367646442343472657e+01	2.048014673118650535e+03
1.366795412623100070e+01	1.369295412623100106e+01	9.102287436082891645e+02
1.368444382902727341e+01	1.370944382902727376e+01	9.102287436082891645e+02
1.370093353182354790e+01	1.372593353182354825e+01	7.964501506572530616e+02
1.371742323461982060e+01	1.374242323461982096e+01	1.024007336559325267e+03
1.373391293741609509e+01	1.375891293741609545e+01	1.592900301314506123e+03
1.375040264021236780e+01	1.377540264021236815e+01	1.024007336559325267e+03
1.376689234300864229e+01	1.379189234300864264e+01	7.964501506572530616e+02
1.378338204580491322e+01	1.380838204580491357e+01	7.964501506572530616e+02
1.379987174860118770e+01	1.382487174860118806e+01	7.964501506572530616e+02
1.381636145139746219e+01	1.384136145139746255e+01	1.479121708363469907e+03
1.383285115419373490e+01	1.385785115419373525e+01	9.102287436082891645e+02
1.384934085699000939e+01	1.387434085699000974e+01	1.137785929510361484e+03
1.386583055978628209e+01	1.389083055978628245e+01	1.251564522461397701e+03
1.388232026258255658e+01	1.390732026258255694e+01	1.251564522461397701e+03
1.389880996537882929e+01	1.392380996537882965e+01	1.820457487216578329e+03
1.391529966817510200e+01	1.394029966817510235e+01	1.137785929510361484e+03
1.393178937097137471e+01	1.395678937097137506e+01	1.251564522461397701e+03
1.394827907376764919e+01	1.397327907376764955e+01	1.592900301314506123e+03
1.396476877656392190e+01	1.398976877656392226e+01	1.024007336559325267e+03
1.398125847936019639e+01	1.400625847936019674e+01	1.251564522461397701e+03
1.399774818215646910e+01	1.402274818215646945e+01	1.479121708363469907e+03
1.401423788495274358e+01	1.403923788495274394e+01	1.024007336559325267e+03
1.403072758774901629e+01	1.405572758774901665e+01	1.592900301314506123e+03
1.404721729054528900e+01	1.407221729054528936e+01	1.934236080167614546e+03
1.406370699334156349e+01	1.408870699334156384e+01	1.365343115412433690e+03
1.408019669613783620e+01	1.410519669613783655e+01	1.479121708363469907e+03
1.409668639893411068e+01	1.412168639893411104e+01	1.365343115412433690e+03
1.411317610173038339e+01	1.413817610173038375e+01	1.365343115412433690e+03
1.412966580452665788e+01	1.415466580452665823e+01	1.251564522461397701e+03
1.414615550732293059e+01	1.417115550732293094e+01	1.251564522461397701e+03
1.416264521011920507e+01	1.418764521011920543e+01	9.102287436082891645e+02
1.417913491291547601e+01	1.420413491291547636e+01	1.479121708363469907e+03
1.419562461571175049e+01	1.422062461571175085e+01	1.137785929510361484e+03
1.421211431850802320e+01	1.423711431850802356e+01	1.934236080167614546e+03
1.422860402130429769e+01	1.425360402130429804e+01	1.137785929510361484e+03
1.424509372410057040e+01	1.427009372410057075e+01	1.706678894265542112e+03
1.426158342689684488e+01	1.428658342689684524e+01	1.024007336559325267e+03
1.427807312969311759e+01	1.430307312969311795e+01	1.251564522461397701e+03
1.429456283248939208e+01	1.431956283248939243e+01	9.102287436082891645e+02
1.431105253528566656e+01	1.433605253528566692e+01	9.102287436082891645e+02
1.432754223808193750e+01	1.435254223808193785e+01	2.275571859020722968e+03
1.434403194087821198e+01	1.436903194087821234e+01	1.137785929510361484e+03
1.436052164367448469e+01	1.438552164367448505e+01	1.024007336559325267e+03
1.437701134647075918e+01	1.440201134647075953e+01	1.251564522461397701e+03
1.439350104926703189e+01	1.441850104926703224e+01	7.964501506572530616e+02
1.440999075206330637e+01	1.443499075206330673e+01	2.161793266069686979e+03
1.442648045485957908e+01	1.445148045485957944e+01	1.934236080167614546e+03
1.444297015765585357e+01	1.446797015765585392e+01	1.137785929510361484e+03
1.445945986045212450e+01	1.448445986045212486e+01	1.706678894265542112e+03
1.447594956324839899e+01	1.450094956324839934e+01	1.137785929510361484e+03
1.449243926604467170e+01	1.451743926604467205e+01	1.365343115412433690e+03
1.450892896884094618e+01	1.453392896884094654e+01	1.592900301314506123e+03
1.452541867163722067e+01	1.455041867163722102e+01	5.688929647551807420e+02
1.454190837443349338e+01	1.456690837443349373e+01	6.826715577062168450e+02
1.455839807722976786e+01	1.458339807722976822e+01	6.826715577062168450e+02
1.457488778002604057e+01	1.459988778002604093e+01	1.137785929510361484e+03
1.459137748282231328e+01	1.461637748282231364e+01	7.964501506572530616e+02
1.460786718561858599e+01	1.463286718561858635e+01	1.706678894265542112e+03
1.462435688841486048e+01	1.464935688841486083e+01	1.251564522461397701e+03
1.464084659121113319e+01	1.466584659121113354e+01	1.365343115412433690e+03
1.465733629400740767e+01	1.468233629400740803e+01	1.365343115412433690e+03
1.467382599680368038e+01	1.469882599680368074e+01	1.137785929510361484e+03
1.469031569959995487e+01	1.471531569959995522e+01	1.479121708363469907e+03
1.470680540239622758e+01	1.473180540239622793e+01	9.102287436082891645e+02
1.472329510519250029e+01	1.474829510519250064e+01	9.102287436082891645e+02
1.473978480798877300e+01	1.476478480798877335e+01	1.479121708363469907e+03
1.475627451078504748e+01	1.478127451078504784e+01	7.964501506572530616e+02
1.477276421358132197e+01	1.479776421358132232e+01	1.137785929510361484e+03
1.478925391637759468e+01	1.481425391637759503e+01	1.592900301314506123e+03
1.480574361917386916e+01	1.483074361917386952e+01	1.365343115412433690e+03
1.482223332197014187e+01	1.484723332197014223e+01	1.592900301314506123e+03
1.483872302476641636e+01	1.486372302476641671e+01	1.820457487216578329e+03
1.485521272756268729e+01	1.488021272756268765e+01	2.048014673118650535e+03
1.487170243035896178e+01	1.489670243035896213e+01	9.102287436082891645e+02
1.488819213315523449e+01	1.491319213315523484e+01	1.137785929510361484e+03
1.490468183595150897e+01	1.492968183595150933e+01	1.024007336559325267e+03
1.492117153874778168e+01	1.494617153874778204e+01	1.592900301314506123e+03
1.493766124154405617e+01	1.496266124154405652e+01	1.251564522461397701e+03
1.495415094434032888e+01	1.497915094434032923e+01	1.137785929510361484e+03
1.497064064713660336e+01	1.499564064713660372e+01	7.964501506572530616e+02
1.498713034993287607e+01	1.501213034993287643e+01	1.592900301314506123e+03
1.500362005272914878e+01	1.502862005272914914e+01	1.251564522461397701e+03
1.502010975552542327e+01	1.504510975552542362e+01	1.365343115412433690e+03
1.503659945832169598e+01	1.506159945832169633e+01	1.137785929510361484e+03
1.505308916111797046e+01	1.507808916111797082e+01	6.826715577062168450e+02
1.506957886391424317e+01	1.509457886391424353e+01	1.592900301314506123e+03
1.508606856671051766e+01	1.511106856671051801e+01	7.964501506572530616e+02
1.510255826950679037e+01	1.512755826950679072e+01	1.365343115412433690e+03
1.511904797230306308e+01	1.514404797230306343e+01	6.826715577062168450e+02
1.513553767509933579e+01	1.516053767509933614e+01	5.688929647551807420e+02
1.515202737789561027e+01	1.517702737789561063e+01	1.934236080167614546e+03
1.516851708069188298e+01	1.519351708069188334e+01	9.102287436082891645e+02
1.518500678348815747e+01	1.521000678348815782e+01	1.706678894265542112e+03
1.520149648628443018e+01	1.522649648628443053e+01	1.024007336559325267e+03
1.521798618908070466e+01	1.524298618908070502e+01	1.251564522461397701e+03
1.523447589187697915e+01	1.525947589187697950e+01	1.251564522461397701e+03
1.525096559467325008e+01	1.527596559467325044e+01	9.102287436082891645e+02
1.526745529746952457e+01	1.529245529746952492e+01	1.592900301314506123e+03
1.528394500026579728e+01	1.530894500026579763e+01	1.024007336559325267e+03
1.530043470306207176e+01	1.532543470306207212e+01	1.251564522461397701e+03
1.531692440585834447e+01	1.534192440585834483e+01	1.479121708363469907e+03
1.533341410865461896e+01	1.535841410865461931e+01	1.137785929510361484e+03
1.534990381145089167e+01	1.537490381145089202e+01	1.479121708363469907e+03
1.536639351424716615e+01	1.539139351424716651e+01	1.479121708363469907e+03
1.538288321704343886e+01	1.540788321704343922e+01	1.024007336559325267e+03
1.539937291983971157e+01	1.542437291983971193e+01	1.137785929510361484e+03
1.541586262263598428e+01	1.544086262263598464e+01	1.592900301314506123e+03
1.543235232543225877e+01	1.545735232543225912e+01	1.251564522461397701e+03
1.544884202822853148e+01	1.547384202822853183e+01	1.024007336559325267e+03
1.546533173102480596e+01	1.549033173102480632e+01	1.365343115412433690e+03
1.548182143382108045e+01	1.550682143382108080e+01	9.102287436082891645e+02
1.549831113661735316e+01	1.552331113661735351e+01	2.048014673118650535e+03
1.551480083941362764e+01	1.553980083941362800e+01	1.251564522461397701e+03
1.553129054220989858e+01	1.555629054220989893e+01	6.826715577062168450e+02
1.554778024500617306e+01	1.557278024500617342e+01	1.137785929510361484e+03
1.556426994780244577e+01	1.558926994780244613e+01	1.251564522461397701e+03
1.558075965059872026e+01	1.560575965059872061e+01	1.365343115412433690e+03
1.559724935339499297e+01	1.562224935339499332e+01	1.365343115412433690e+03
1.561373905619126745e+01	1.563873905619126781e+01	1.137785929510361484e+03
1.563022875898754016e+01	1.565522875898754052e+01	2.048014673118650535e+03
1.564671846178381465e+01	1.567171846178381500e+01	1.592900301314506123e+03
1.566320816458008558e+01	1.568820816458008593e+01	1.365343115412433690e+03
1.567969786737636007e+01	1.570469786737636042e+01	9.102287436082891645e+02
1.569618757017263455e+01	1.572118757017263491e+01	1.479121708363469907e+03
1.571267727296890726e+01	1.573767727296890762e+01	9.102287436082891645e+02
1.572916697576518175e+01	1.575416697576518210e+01	1.365343115412433690e+03
1.574565667856145446e+01	1.577065667856145481e+01	1.365343115412433690e+03
1.576214638135772894e+01	1.578714638135772930e+01	1.251564522461397701e+03
1.577863608415400165e+01	1.580363608415400201e+01	7.964501506572530616e+02
1.579512578695027436e+01	1.582012578695027472e+01	2.275571859020722968e+03
1.581161548974654707e+01	1.583661548974654742e+01	1.365343115412433690e+03
1.582810519254282156e+01	1.585310519254282191e+01	1.365343115412433690e+03
1.584459489533909426e+01	1.586959489533909462e+01	1.251564522461397701e+03
1.586108459813536875e+01	1.588608459813536911e+01	6.826715577062168450e+02
1.587757430093164146e+01	1.590257430093164182e+01	2.048014673118650535e+03
1.589406400372791595e+01	1.591906400372791630e+01	1.137785929510361484e+03
1.591055370652418866e+01	1.593555370652418901e+01	1.251564522461397701e+03
1.592704340932046136e+01	1.595204340932046172e+01	1.251564522461397701e+03
1.594353311211673585e+01	1.596853311211673621e+01	1.137785929510361484e+03
1.596002281491300856e+01	1.598502281491300892e+01	1.137785929510361484e+03
1.597651251770928305e+01	1.600151251770928340e+01	6.826715577062168450e+02
1.599300222050555575e+01	1.601800222050555433e+01	1.592900301314506123e+03
1.600949192330183024e+01	1.603449192330182882e+01	1.820457487216578329e+03
1.602598162609810117e+01	1.605098162609809975e+01	9.102287436082891645e+02
1.604247132889437566e+01	1.606747132889437424e+01	5.688929647551807420e+02
1.605896103169065015e+01	1.608396103169064872e+01	1.137785929510361484e+03
1.607545073448692463e+01	1.610045073448692321e+01	9.102287436082891645e+02
1.609194043728319556e+01	1.611694043728319414e+01	1.479121708363469907e+03
1.610843014007947005e+01	1.613343014007946863e+01	1.024007336559325267e+03
1.612491984287574098e+01	1.614991984287573956e+01	5.688929647551807420e+02
1.614140954567201547e+01	1.616640954567201405e+01	1.592900301314506123e+03
1.615789924846828995e+01	1.618289924846828853e+01	1.934236080167614546e+03
1.617438895126456444e+01	1.619938895126456302e+01	1.592900301314506123e+03
1.619087865406083893e+01	1.621587865406083750e+01	9.102287436082891645e+02
1.620736835685710986e+01	1.623236835685710844e+01	1.479121708363469907e+03
1.622385805965338434e+01	1.624885805965338292e+01	9.102287436082891645e+02
1.624034776244965883e+01	1.626534776244965741e+01	5.688929647551807420e+02
1.625683746524592976e+01	1.628183746524592834e+01	1.137785929510361484e+03
1.627332716804220425e+01	1.629832716804220283e+01	1.365343115412433690e+03
1.628981687083847874e+01	1.631481687083847731e+01	2.048014673118650535e+03
1.630630657363474967e+01	1.633130657363474825e+01	1.479121708363469907e+03
1.632279627643102415e+01	1.634779627643102273e+01	1.251564522461397701e+03
1.633928597922729864e+01	1.636428597922729722e+01	4.551143718041445823e+02
1.635577568202357313e+01	1.638077568202357170e+01	1.706678894265542112e+03
1.637226538481984406e+01	1.639726538481984264e+01	4.551143718041445823e+02
1.638875508761611854e+01	1.641375508761611712e+01	1.137785929510361484e+03
1.640524479041238948e+01	1.643024479041238806e+01	1.820457487216578329e+03
1.642173449320866396e+01	1.644673449320866254e+01	1.934236080167614546e+03
1.643822419600493845e+01	1.646322419600493703e+01	7.964501506572530616e+02
1.645471389880121293e+01	1.647971389880121151e+01	1.137785929510361484e+03
1.647120360159748387e+01	1.649620360159748245e+01	1.479121708363469907e+03
1.648769330439375835e+01	1.651269330439375693e+01	1.024007336559325267e+03
1.650418300719003284e+01	1.652918300719003142e+01	1.592900301314506123e+03
1.652067270998630732e+01	1.654567270998630590e+01	1.365343115412433690e+03
1.653716241278257826e+01	1.656216241278257684e+01	1.479121708363469907e+03
1.655365211557884919e+01	1.657865211557884777e+01	5.688929647551807420e+02
1.657014181837512723e+01	1.659514181837512581e+01	1.251564522461397701e+03
1.658663152117139816e+01	1.661163152117139674e+01	1.251564522461397701e+03
1.660312122396767265e+01	1.662812122396767123e+01	5.688929647551807420e+02
1.661961092676394358e+01	1.664461092676394216e+01	7.964501506572530616e+02
1.663610062956022162e+01	1.666110062956022020e+01	1.251564522461397701e+03
1.665259033235649255e+01	1.667759033235649113e+01	1.137785929510361484e+03
1.666908003515276349e+01	1.669408003515276206e+01	1.024007336559325267e+03
1.668556973794903797e+01	1.671056973794903655e+01	1.820457487216578329e+03
1.670205944074531246e+01	1.672705944074531104e+01	1.365343115412433690e+03
1.671854914354158694e+01	1.674354914354158552e+01	9.102287436082891645e+02
1.673503884633785788e+01	1.676003884633785646e+01	1.365343115412433690e+03
1.675152854913413236e+01	1.677652854913413094e+01	1.137785929510361484e+03
1.676801825193040685e+01	1.679301825193040543e+01	1.820457487216578329e+03
1.678450795472668133e+01	1.680950795472667991e+01	1.024007336559325267e+03
1.680099765752295227e+01	1.682599765752295085e+01	1.137785929510361484e+03
1.681748736031922320e+01	1.684248736031922178e+01	3.413357788531084225e+02
1.683397706311550124e+01	1.685897706311549982e+01	1.592900301314506123e+03
1.685046676591177217e+01	1.687546676591177075e+01	1.820457487216578329e+03
1.686695646870804666e+01	1.689195646870804524e+01	7.964501506572530616e+02
1.688344617150432114e+01	1.690844617150431972e+01	6.826715577062168450e+02
1.689993587430059563e+01	1.692493587430059421e+01	1.251564522461397701e+03
1.691642557709686656e+01	1.694142557709686514e+01	1.251564522461397701e+03
1.693291527989313749e+01	1.695791527989313607e+01	9.102287436082891645e+02
1.694940498268941553e+01	1.697440498268941411e+01	1.365343115412433690e+03
1.696589468548568647e+01	1.699089468548568505e+01	2.048014673118650535e+03
1.698238438828196095e+01	1.700738438828195953e+01	1.137785929510361484e+03
1.699887409107823188e+01	1.702387409107823046e+01	1.365343115412433690e+03
1.701536379387450992e+01	1.704036379387450850e+01	1.934236080167614546e+03
1.703185349667078086e+01	1.705685349667077944e+01	1.479121708363469907e+03
1.704834319946705534e+01	1.707334319946705392e+01	9.102287436082891645e+02
1.706483290226332628e+01	1.708983290226332485e+01	1.251564522461397701e+03
1.708132260505960076e+01	1.710632260505959934e+01	7.964501506572530616e+02
1.709781230785587525e+01	1.712281230785587383e+01	1.479121708363469907e+03
1.711430201065214618e+01	1.713930201065214476e+01	7.964501506572530616e+02
1.713079171344842422e+01	1.715579171344842280e+01	7.964501506572530616e+02
1.714728141624469515e+01	1.717228141624469373e+01	5.688929647551807420e+02
1.716377111904096964e+01	1.718877111904096822e+01	9.102287436082891645e+02
1.718026082183724057e+01	1.720526082183723915e+01	1.592900301314506123e+03
1.719675052463351506e+01	1.722175052463351363e+01	5.688929647551807420e+02
1.721324022742978954e+01	1.723824022742978812e+01	9.102287436082891645e+02
1.722972993022606047e+01	1.725472993022605905e+01	1.137785929510361484e+03
1.724621963302233496e+01	1.727121963302233354e+01	1.024007336559325267e+03
1.726270933581860945e+01	1.728770933581860803e+01	1.365343115412433690e+03
1.727919903861488393e+01	1.730419903861488251e+01	1.024007336559325267e+03
1.729568874141115487e+01	1.732068874141115344e+01	1.365343115412433690e+03
1.731217844420742935e+01	1.733717844420742793e+01	1.137785929510361484e+03
1.732866814700370384e+01	1.735366814700370242e+01	1.137785929510361484e+03
1.734515784979997477e+01	1.737015784979997335e+01	1.137785929510361484e+03
1.736164755259624926e+01	1.738664755259624783e+01	1.820457487216578329e+03
1.737813725539252374e+01	1.740313725539252232e+01	9.102287436082891645e+02
1.739462695818879823e+01	1.741962695818879681e+01	1.137785929510361484e+03
1.741111666098506916e+01	1.743611666098506774e+01	7.964501506572530616e+02
1.742760636378134365e+01	1.745260636378134222e+01	1.251564522461397701e+03
1.744409606657761813e+01	1.746909606657761671e+01	7.964501506572530616e+02
1.746058576937388906e+01	1.748558576937388764e+01	4.551143718041445823e+02
1.747707547217016355e+01	1.750207547217016213e+01	1.479121708363469907e+03
1.749356517496643448e+01	1.751856517496643306e+01	1.137785929510361484e+03
1.751005487776271252e+01	1.753505487776271110e+01	1.024007336559325267e+03
1.752654458055898345e+01	1.755154458055898203e+01	9.102287436082891645e+02
1.754303428335525794e+01	1.756803428335525652e+01	1.592900301314506123e+03
1.755952398615152887e+01	1.758452398615152745e+01	1.706678894265542112e+03
1.757601368894780691e+01	1.760101368894780549e+01	1.479121708363469907e+03
1.759250339174407785e+01	1.761750339174407642e+01	9.102287436082891645e+02
1.760899309454034878e+01	1.763399309454034736e+01	1.479121708363469907e+03
1.762548279733662682e+01	1.765048279733662540e+01	6.826715577062168450e+02
1.764197250013289775e+01	1.766697250013289633e+01	1.706678894265542112e+03
1.765846220292917224e+01	1.768346220292917081e+01	3.413357788531084225e+02
1.767495190572544317e+01	1.769995190572544175e+01	1.479121708363469907e+03
1.769144160852172121e+01	1.771644160852171979e+01	9.102287436082891645e+02
1.770793131131799214e+01	1.773293131131799072e+01	7.964501506572530616e+02
1.772442101411426307e+01	1.774942101411426165e+01	1.365343115412433690e+03
1.774091071691053756e+01	1.776591071691053614e+01	9.102287436082891645e+02
1.775740041970681204e+01	1.778240041970681062e+01	1.592900301314506123e+03
1.777389012250308653e+01	1.779889012250308511e+01	1.365343115412433690e+03
1.779037982529935746e+01	1.781537982529935604e+01	9.102287436082891645e+02
1.780686952809563550e+01	1.783186952809563408e+01	1.024007336559325267e+03
1.782335923089190644e+01	1.784835923089190501e+01	1.592900301314506123e+03
1.783984893368818092e+01	1.786484893368817950e+01	1.479121708363469907e+03
1.785633863648445185e+01	1.788133863648445043e+01	7.964501506572530616e+02
1.787282833928072634e+01	1.789782833928072492e+01	1.479121708363469907e+03
1.788931804207700083e+01	1.791431804207699940e+01	1.251564522461397701e+03
1.790580774487327176e+01	1.793080774487327034e+01	1.479121708363469907e+03
1.792229744766954624e+01	1.794729744766954482e+01	4.551143718041445823e+02
1.793878715046582073e+01	1.796378715046581931e+01	9.102287436082891645e+02
1.795527685326209522e+01	1.798027685326209379e+01	1.137785929510361484e+03
1.797176655605836615e+01	1.799676655605836473e+01	6.826715577062168450e+02
1.798825625885464063e+01	1.801325625885463921e+01	9.102287436082891645e+02
1.800474596165091512e+01	1.802974596165091370e+01	1.251564522461397701e+03
1.802123566444718605e+01	1.804623566444718463e+01	1.706678894265542112e+03
1.803772536724346054e+01	1.806272536724345912e+01	1.024007336559325267e+03
1.805421507003973502e+01	1.807921507003973360e+01	1.706678894265542112e+03
1.807070477283600951e+01	1.809570477283600809e+01	6.826715577062168450e+02
1.808719447563228044e+01	1.811219447563227902e+01	1.592900301314506123e+03
1.810368417842855493e+01	1.812868417842855351e+01	1.479121708363469907e+03
1.812017388122482942e+01	1.814517388122482799e+01	1.137785929510361484e+03
1.813666358402110035e+01	1.816166358402109893e+01	1.706678894265542112e+03
1.815315328681737483e+01	1.817815328681737341e+01	2.048014673118650535e+03
1.816964298961364577e+01	1.819464298961364435e+01	1.706678894265542112e+03
1.818613269240992381e+01	1.821113269240992238e+01	1.137785929510361484e+03
1.820262239520619474e+01	1.822762239520619332e+01	1.592900301314506123e+03
1.821911209800246922e+01	1.824411209800246780e+01	1.137785929510361484e+03
1.823560180079874016e+01	1.826060180079873874e+01	1.024007336559325267e+03
1.825209150359501820e+01	1.827709150359501677e+01	7.964501506572530616e+02
1.826858120639128913e+01	1.829358120639128771e+01	1.820457487216578329e+03
1.828507090918756006e+01	1.831007090918755864e+01	1.706678894265542112e+03
1.830156061198383810e+01	1.832656061198383668e+01	5.688929647551807420e+02
1.831805031478010903e+01	1.834305031478010761e+01	1.024007336559325267e+03
1.833454001757638352e+01	1.835954001757638210e+01	9.102287436082891645e+02
1.835102972037265445e+01	1.837602972037265303e+01	1.365343115412433690e+03
1.836751942316893249e+01	1.839251942316893107e+01	1.479121708363469907e+03
1.838400912596520342e+01	1.840900912596520200e+01	1.251564522461397701e+03
1.840049882876147436e+01	1.842549882876147294e+01	1.137785929510361484e+03
1.841698853155774884e+01	1.844198853155774742e+01	1.592900301314506123e+03
1.843347823435402333e+01	1.845847823435402191e+01	1.251564522461397701e+03
1.844996793715029781e+01	1.847496793715029639e+01	1.251564522461397701e+03
1.846645763994656875e+01	1.849145763994656733e+01	5.688929647551807420e+02
1.848294734274284323e+01	1.850794734274284181e+01	5.688929647551807420e+02
1.849943704553911772e+01	1.852443704553911630e+01	1.365343115412433690e+03
1.851592674833539220e+01	1.854092674833539078e+01	1.592900301314506123e+03
1.853241645113166314e+01	1.855741645113166172e+01	1.820457487216578329e+03
1.854890615392793762e+01	1.857390615392793620e+01	9.102287436082891645e+02
1.856539585672421211e+01	1.859039585672421069e+01	1.137785929510361484e+03
1.858188555952048304e+01	1.860688555952048162e+01	5.688929647551807420e+02
1.859837526231675753e+01	1.862337526231675611e+01	1.251564522461397701e+03
1.861486496511303201e+01	1.863986496511303059e+01	3.413357788531084225e+02
1.863135466790930650e+01	1.865635466790930508e+01	1.137785929510361484e+03
1.864784437070557743e+01	1.867284437070557601e+01	1.137785929510361484e+03
1.866433407350184837e+01	1.868933407350184694e+01	4.551143718041445823e+02
1.868082377629812640e+01	1.870582377629812498e+01	9.102287436082891645e+02
1.869731347909439734e+01	1.872231347909439592e+01	7.964501506572530616e+02
1.871380318189067182e+01	1.873880318189067040e+01	1.592900301314506123e+03
1.873029288468694276e+01	1.875529288468694133e+01	2.275571859020722968e+03
1.874678258748322079e+01	1.877178258748321937e+01	5.688929647551807420e+02
1.876327229027949173e+01	1.878827229027949031e+01	9.102287436082891645e+02
1.877976199307576621e+01	1.880476199307576479e+01	1.137785929510361484e+03
1.879625169587204070e+01	1.882125169587203928e+01	5.688929647551807420e+02
1.881274139866831163e+01	1.883774139866831021e+01	1.137785929510361484e+03
1.882923110146458612e+01	1.885423110146458470e+01	1.024007336559325267e+03
1.884572080426085705e+01	1.887072080426085563e+01	6.826715577062168450e+02
1.886221050705713509e+01	1.888721050705713367e+01	1.934236080167614546e+03
1.887870020985340602e+01	1.890370020985340460e+01	1.024007336559325267e+03
1.889518991264968051e+01	1.892018991264967909e+01	1.024007336559325267e+03
1.891167961544595144e+01	1.893667961544595002e+01	1.251564522461397701e+03
1.892816931824222948e+01	1.895316931824222806e+01	1.024007336559325267e+03
1.894465902103850041e+01	1.896965902103849899e+01	1.024007336559325267e+03
1.896114872383477135e+01	1.898614872383476992e+01	1.137785929510361484e+03
1.897763842663104938e+01	1.900263842663104796e+01	7.964501506572530616e+02
1.899412812942732032e+01	1.901912812942731890e+01	1.024007336559325267e+03
1.901061783222359480e+01	1.903561783222359338e+01	1.024007336559325267e+03
1.902710753501986574e+01	1.905210753501986432e+01	9.102287436082891645e+02
1.904359723781614377e+01	1.906859723781614235e+01	1.024007336559325267e+03
1.906008694061241471e+01	1.908508694061241329e+01	1.365343115412433690e+03
1.907657664340868564e+01	1.910157664340868422e+01	1.365343115412433690e+03
1.909306634620496013e+01	1.911806634620495871e+01	1.820457487216578329e+03
1.910955604900123461e+01	1.913455604900123319e+01	7.964501506572530616e+02
1.912604575179750910e+01	1.915104575179750768e+01	2.389350451971758957e+03
1.914253545459378003e+01	1.916753545459377861e+01	1.365343115412433690e+03
1.915902515739005452e+01	1.918402515739005310e+01	1.251564522461397701e+03
1.917551486018632900e+01	1.920051486018632758e+01	1.592900301314506123e+03
1.919200456298260349e+01	1.921700456298260207e+01	1.365343115412433690e+03
1.920849426577887442e+01	1.923349426577887300e+01	1.592900301314506123e+03
1.922498396857514891e+01	1.924998396857514749e+01	9.102287436082891645e+02
1.924147367137142339e+01	1.926647367137142197e+01	7.964501506572530616e+02
1.925796337416769433e+01	1.928296337416769290e+01	1.024007336559325267e+03
1.927445307696396881e+01	1.929945307696396739e+01	1.479121708363469907e+03
1.929094277976024330e+01	1.931594277976024188e+01	9.102287436082891645e+02
1.930743248255651778e+01	1.933243248255651636e+01	1.137785929510361484e+03
1.932392218535278872e+01	1.934892218535278730e+01	1.137785929510361484e+03
1.934041188814905965e+01	1.936541188814905823e+01	1.024007336559325267e+03
1.935690159094533769e+01	1.938190159094533627e+01	1.024007336559325267e+03
1.937339129374160862e+01	1.939839129374160720e+01	1.251564522461397701e+03
1.938988099653788311e+01	1.941488099653788169e+01	1.365343115412433690e+03
1.940637069933415404e+01	1.943137069933415262e+01	9.102287436082891645e+02
1.942286040213043208e+01	1.944786040213043066e+01	1.137785929510361484e+03
1.943935010492670301e+01	1.946435010492670159e+01	1.365343115412433690e+03
1.945583980772297750e+01	1.948083980772297608e+01	7.964501506572530616e+02
1.947232951051925198e+01	1.949732951051925056e+01	9.102287436082891645e+02
1.948881921331552292e+01	1.951381921331552149e+01	9.102287436082891645e+02
1.950530891611179740e+01	1.953030891611179598e+01	1.592900301314506123e+03
1.952179861890806833e+01	1.954679861890806691e+01	3.413357788531084225e+02
1.953828832170434637e+01	1.956328832170434495e+01	1.251564522461397701e+03
1.955477802450061731e+01	1.957977802450061589e+01	7.964501506572530616e+02
1.957126772729689179e+01	1.959626772729689037e+01	1.251564522461397701e+03
1.958775743009316272e+01	1.961275743009316130e+01	1.137785929510361484e+03
1.960424713288943721e+01	1.962924713288943579e+01	9.102287436082891645e+02
1.962073683568571170e+01	1.964573683568571028e+01	1.820457487216578329e+03
1.963722653848198263e+01	1.966222653848198121e+01	7.964501506572530616e+02
1.965371624127825712e+01	1.967871624127825569e+01	1.251564522461397701e+03
1.967020594407453160e+01	1.969520594407453018e+01	6.826715577062168450e+02
1.968669564687080609e+01	1.971169564687080467e+01	6.826715577062168450e+02
1.970318534966707702e+01	1.972818534966707560e+01	9.102287436082891645e+02
1.971967505246335506e+01	1.974467505246335364e+01	2.161793266069686979e+03
1.973616475525962599e+01	1.976116475525962457e+01	9.102287436082891645e+02
1.975265445805589692e+01	1.977765445805589550e+01	5.688929647551807420e+02
1.976914416085217141e+01	1.979414416085216999e+01	1.251564522461397701e+03
1.978563386364844590e+01	1.981063386364844447e+01	1.024007336559325267e+03
1.980212356644472038e+01	1.982712356644471896e+01	1.479121708363469907e+03
1.981861326924099131e+01	1.984361326924098989e+01	1.251564522461397701e+03
1.983510297203726580e+01	1.986010297203726438e+01	1.479121708363469907e+03
1.985159267483354029e+01	1.987659267483353887e+01	9.102287436082891645e+02
1.986808237762981122e+01	1.989308237762980980e+01	6.826715577062168450e+02
1.988457208042608571e+01	1.990957208042608428e+01	1.706678894265542112e+03
1.990106178322235664e+01	1.992606178322235522e+01	1.137785929510361484e+03
1.991755148601863468e+01	1.994255148601863326e+01	1.024007336559325267e+03
1.993404118881490561e+01	1.995904118881490419e+01	9.102287436082891645e+02
1.995053089161118010e+01	1.997553089161117867e+01	9.102287436082891645e+02
1.996702059440745458e+01	1.999202059440745316e+01	6.826715577062168450e+02
1.998351029720372907e+01	2.000851029720372765e+01	1.251564522461397701e+03
