6.860283690000000156e+00
5.926508789999999749e+00
4.333591800000000660e+00
5.984422849999999627e+00
5.862354980000000104e+00
5.738139649999999925e+00
5.831977050000000773e+00
5.913985840000000493e+00
4.278749509999999923e+00
5.961187990000000880e+00
5.571480959999999705e+00
5.912353030000000231e+00
7.915698850000000286e-01
5.720591309999999652e+00
5.899437009999999759e+00
5.961422849999999940e+00
4.549865719999999669e+00
4.712357420000000019e+00
6.007855470000000864e+00
6.039562010000000036e+00
1.131680570000000152e+01
6.354652339999999455e+00
5.949645020000000173e+00
6.601834960000000585e+00
3.867523190000000000e+00
3.124146730000000094e+00
6.550229000000000745e+00
6.001424319999999923e+00
5.959610350000000167e+00
4.631547850000000466e+00
6.666571290000000261e+00
6.042952150000000522e+00
5.477150879999999944e+00
5.732328120000000027e+00
5.744446780000000530e+00
5.879295410000000111e+00
5.795566410000000168e+00
5.931954100000000452e+00
6.451143070000000534e+00
6.342349610000000304e+00
6.558365230000000601e+00
5.982412599999999969e+00
5.998973140000000370e+00
6.180479489999999743e+00
5.861850099999999841e+00
4.984107419999999955e+00
5.919999020000000556e+00
5.840721190000000007e+00
5.988008790000000303e+00
5.834714840000000180e+00
5.839728030000000736e+00
5.964594729999999956e+00
4.996197269999999691e+00
5.843477050000000617e+00
6.597325200000000223e+00
5.862607909999999478e+00
5.889363279999999534e+00
5.046618160000000408e+00
4.578371090000000088e+00
6.466406250000000355e+00
5.899041989999999736e+00
5.905644530000000003e+00
6.729862790000000317e+00
6.740937500000000249e+00
6.133386230000000161e+00
5.997432129999999972e+00
6.130028809999999773e+00
6.506168950000000173e+00
6.054376949999999979e+00
6.619259280000000523e+00
5.883537110000000681e+00
6.526418950000000052e+00
6.286871579999999682e+00
5.367295409999999656e+00
5.663443360000000482e+00
5.824264160000000246e+00
5.423180180000000128e+00
6.004504390000000136e+00
6.720678219999999925e+00
5.960064940000000533e+00
6.283178219999999925e+00
1.182258419999999921e+00
6.130374509999999333e+00
6.137823730000000033e+00
5.965050290000000643e+00
5.933095210000000286e+00
5.932020999999999766e+00
6.487849610000000489e+00
6.152358890000000358e+00
6.110665530000000345e+00
4.621021970000000145e+00
6.117080080000000031e+00
6.760395510000000385e+00
5.966963380000000150e+00
5.832839840000000109e+00
5.952057619999999716e+00
6.575328609999999685e+00
4.960420410000000224e+00
5.735793460000000010e+00
5.842355470000000217e+00
1.112385549999999945e+01
5.918180180000000234e+00
5.899872070000000690e+00
5.889298829999999541e+00
5.786622559999999638e+00
5.783898439999999752e+00
6.048057619999999801e+00
4.793132810000000354e+00
6.516484379999999632e+00
4.202856930000000268e+00
6.094817380000000284e+00
6.156960940000000271e+00
1.089606569999999941e+00
5.800083010000000705e+00
5.741867189999999788e+00
5.579432129999999823e+00
5.819344730000000077e+00
6.172228030000000309e+00
6.227475099999999486e+00
6.112408690000000533e+00
8.001230960000000891e+00
5.949168460000000103e+00
1.809407960000000148e+00
5.800800779999999435e+00
5.745559570000000171e+00
5.910576660000000260e+00
5.555011229999999856e+00
5.933887700000000542e+00
5.878073730000000552e+00
4.193661620000000312e+00
4.648957030000000046e+00
6.094113769999999874e+00
6.229338380000000619e+00
5.759394529999999790e+00
5.968435060000000014e+00
6.109978030000000615e+00
5.398500000000000298e+00
5.236480470000000942e+00
5.975690430000000219e+00
4.805015619999999821e+00
6.081499509999999553e+00
5.920767090000000010e+00
5.817433109999999630e+00
4.211288090000000039e+00
4.898964359999999907e+00
5.934093260000000036e+00
1.514512940000000141e+00
5.116373539999999664e+00
1.127013279999999895e+01
5.883018070000000321e+00
5.491440429999999928e+00
5.709647460000000230e+00
5.875441890000000278e+00
5.684825200000000578e+00
5.831431150000000230e+00
5.819077150000000032e+00
5.802082519999999910e+00
6.220122560000000078e+00
5.759392580000000095e+00
5.886313960000000733e+00
5.717699220000000970e+00
4.512676760000000620e+00
5.928171879999999838e+00
5.948448240000000276e+00
5.995595210000000286e+00
4.655870610000000021e+00
5.899588379999999965e+00
6.075190919999999828e+00
5.512936520000000229e+00
1.122480860000000114e+01
5.783639650000000465e+00
6.090164550000000787e+00
5.887423340000000671e+00
5.712408690000000178e+00
5.673127929999999708e+00
5.913696289999999856e+00
6.140496090000000073e+00
5.944020510000000534e+00
5.843672849999999919e+00
4.912158200000000363e+00
6.332236329999999747e+00
5.362545410000000068e+00
6.475432130000000619e+00
2.541223390000000304e+00
1.149023440000000029e+01
5.775366210000000500e+00
5.538713379999999908e+00
5.991932130000000356e+00
1.561895999999999951e+00
9.422940060000000173e-01
5.908505370000000312e+00
6.479653810000000291e+00
5.919748049999999928e+00
6.021695310000000134e+00
5.553097660000000602e+00
5.873147460000000208e+00
3.058998289999999898e+00
5.873359380000000129e+00
6.367742190000000413e+00
6.504319820000000085e+00
5.159942380000000384e+00
6.099224119999999694e+00
5.817510250000000660e+00
5.865563960000000243e+00
5.770167970000000146e+00
5.521491210000000649e+00
5.479873050000000134e+00
6.428651369999999865e+00
7.233217289999999799e+00
5.875570800000000204e+00
6.426359859999999813e+00
5.556786619999999566e+00
5.674263670000000204e+00
5.653875000000000206e+00
5.578280270000000485e+00
7.736590820000000868e+00
6.130367679999999986e+00
5.563350589999999762e+00
3.872663570000000277e+00
5.679589839999999334e+00
5.996402830000000073e+00
6.016655270000000222e+00
6.642794430000000361e+00
6.705756229999999540e-01
5.946183109999999772e+00
5.887137209999999676e+00
5.756834959999999946e+00
5.849768550000000289e+00
5.731575199999999981e+00
5.444184080000000314e+00
8.639487300000000758e+00
5.743337890000000279e+00
6.522577640000000621e+00
5.938847660000000417e+00
5.933336910000000408e+00
5.964737299999999465e+00
6.693749020000000272e+00
5.870939940000000412e+00
5.103577150000000451e+00
6.179532710000000151e+00
5.893585449999999781e+00
5.906328610000000090e+00
5.399578609999999834e+00
5.673038090000000366e+00
4.338667970000000373e+00
5.942224610000000240e+00
6.076627929999999900e+00
6.152559080000000513e+00
6.074893549999999642e+00
6.027604000000000184e+00
5.894015620000000233e+00
5.875475589999999748e+00
5.424300290000000579e+00
5.792167970000000388e+00
5.830657229999999913e+00
5.712646969999999769e+00
5.843911620000000084e+00
5.831275390000000058e+00
5.893921390000000926e+00
6.514384280000000693e+00
5.893661619999999601e+00
5.849245119999999964e+00
5.699254390000000114e+00
5.820797359999999365e+00
5.761736820000000314e+00
5.281693849999999912e+00
6.636204590000000181e+00
2.257526120000000081e+00
5.888320310000000113e+00
1.092671089999999978e+01
5.877308110000000418e+00
5.846836430000000639e+00
6.000068849999999898e+00
5.819441890000000228e+00
6.532422359999999983e+00
5.844622070000000669e+00
5.877214359999999971e+00
6.326603519999999925e+00
1.177773730000000008e+01
5.865245119999999979e+00
5.827585449999999945e+00
5.696812500000000057e+00
5.756727539999999976e+00
5.526009769999999932e+00
5.219975100000000090e+00
6.160911620000000255e+00
5.442929689999999709e+00
6.190732420000000680e+00
5.898545900000000231e+00
6.050639160000000238e+00
6.333751460000000222e+00
5.863129880000000682e+00
6.197675290000000281e+00
5.711027339999999342e+00
5.914918950000000564e+00
5.856207029999999314e+00
4.630706540000000260e+00
5.925631349999999742e+00
4.224458010000000208e+00
5.905101069999999730e+00
5.259095699999999596e+00
5.801358890000000379e+00
6.400089839999999697e+00
5.752871579999999874e+00
1.016148620000000058e+00
5.316259280000000587e+00
1.157728709999999950e+01
8.208076170000000005e+00
5.704696290000000225e+00
5.977553219999999889e+00
6.410817869999999807e+00
5.028451659999999990e+00
5.981243160000000003e+00
6.066271969999999847e+00
6.196541500000000369e+00
6.027412599999999898e+00
6.388002929999999857e+00
5.802219240000000333e+00
6.047889159999999542e+00
5.771073730000000346e+00
6.508626950000000022e+00
5.865160160000000289e+00
5.920887210000000067e+00
5.980497559999999879e+00
5.940954590000000479e+00
6.037439449999999930e+00
1.075369039999999998e+01
6.006108400000000458e+00
5.986053219999999619e+00
5.871072269999999982e+00
5.472500000000000142e+00
5.380405270000000684e+00
7.166896360000000188e-01
5.981158200000000313e+00
6.061738280000000145e+00
6.295106450000000464e+00
6.204154299999999900e+00
6.003312990000000404e+00
5.907566410000000268e+00
5.776048829999999690e+00
5.378360840000000032e+00
5.687821780000000160e+00
5.699014650000000515e+00
5.873479979999999934e+00
5.305257810000000518e+00
6.009961910000000351e+00
5.857973140000000356e+00
6.005734379999999817e+00
5.884778810000000249e+00
5.985440920000000276e+00
6.010777339999999747e+00
5.863563960000000463e+00
5.917344729999999942e+00
5.718327640000000933e+00
5.793449220000000288e+00
6.355964359999999758e+00
5.476323240000000148e+00
4.126707520000000073e+00
5.910001460000000151e+00
1.543631470000000006e+00
5.855724610000000219e+00
5.736210449999999739e+00
5.738789550000000794e+00
5.920286130000000924e+00
5.031521970000000010e+00
5.913678710000000116e+00
5.881747559999999986e+00
5.991542970000000246e+00
5.690661620000000198e+00
6.051255860000000375e+00
6.514258790000000410e+00
6.087787599999999522e+00
5.853816890000000051e+00
5.532758300000000240e+00
6.524637209999999854e+00
5.966685550000000227e+00
3.893652830000000176e+00
5.184347660000000246e+00
5.948453609999999614e+00
7.559021480000000182e+00
5.764464839999999590e+00
6.122937990000000497e+00
5.603956540000000430e+00
5.542617680000000213e+00
5.366363279999999847e+00
5.881939940000000533e+00
5.703054690000000093e+00
6.069092289999999501e+00
5.526690429999999488e+00
5.976895510000000300e+00
5.745379880000000661e+00
5.467523439999999901e+00
4.891772950000000009e+00
6.093287600000000026e+00
6.014014650000000017e+00
6.323109380000000002e+00
6.075747070000000249e+00
6.138154789999999750e+00
5.929757320000000220e+00
6.110791990000000062e+00
6.251057620000000092e+00
1.419081299999999990e+00
5.810586430000000746e+00
5.960042480000000253e+00
9.170842770000000144e+00
5.820026369999999893e+00
5.988810059999999602e+00
5.608483890000000471e+00
5.663411619999999758e+00
5.825532230000000311e+00
4.286421390000000109e+00
4.979198730000000239e+00
5.457139159999999656e+00
5.846395020000000109e+00
5.672684079999999796e+00
5.621986329999999477e+00
5.647621089999999455e+00
5.779606450000000173e+00
5.849748539999999331e+00
5.547214839999999647e+00
5.901054199999999916e+00
6.682882810000000617e+00
5.718328120000000681e+00
7.064959720000000276e-01
1.136067580000000099e+01
5.827895019999999704e+00
5.915632319999999389e+00
5.635707520000000414e+00
5.770782710000000648e+00
5.709466309999999822e+00
5.643251949999999795e+00
5.975596190000000085e+00
8.229976559999998997e+00
6.041477539999999813e+00
5.978629880000000618e+00
5.920770019999999967e+00
5.686292970000000224e+00
5.621508790000000033e+00
5.927606450000000748e+00
1.054677540000000135e+01
5.998137210000000330e+00
6.214099120000000198e+00
5.861149900000000024e+00
5.933178709999999967e+00
5.227254880000000270e+00
5.907388670000000452e+00
5.674200200000000471e+00
5.784778809999999716e+00
5.832666019999999563e+00
6.597551759999999987e+00
6.011486329999999434e+00
6.870347289999999552e-01
5.618863279999999349e+00
5.751648929999999993e+00
6.120704590000000778e+00
2.283095949999999874e+00
5.506282710000000691e+00
5.641915530000000345e+00
5.805042480000000005e+00
1.177540619999999905e+01
6.168884280000000331e+00
5.677098140000000015e+00
5.790281740000000177e+00
6.360395999999999717e+00
5.935397459999999903e+00
5.707144529999999882e+00
4.386893070000000172e+00
5.964335450000000094e+00
2.506996340000000156e+00
5.793014649999999932e+00
4.596107420000000054e+00
5.531201659999999798e+00
5.757851070000000071e+00
5.907260250000000212e+00
5.724316410000000133e+00
5.468026369999999581e+00
5.920320310000000141e+00
7.429022830000000521e-01
6.650425290000000267e+00
4.581821780000000288e+00
6.026282710000000264e+00
5.975607420000000225e+00
5.798703609999999564e+00
6.010073239999999650e+00
5.975700680000000098e+00
6.009028810000000220e+00
5.753516109999999628e+00
5.749289550000000304e+00
5.886313960000000733e+00
5.725852539999999991e+00
6.047589839999999661e+00
5.951925290000000146e+00
5.916994139999999902e+00
5.996019529999999875e+00
5.897770509999999966e+00
4.543682130000000541e+00
4.447379880000000618e+00
6.056268069999999781e+00
6.009792970000000345e+00
5.691836430000000391e+00
5.960375980000000240e+00
5.782437009999999766e+00
6.617104490000000006e+00
6.378797849999999769e+00
5.277291990000000155e+00
5.722532710000000300e+00
5.852249999999999730e+00
5.937848139999999830e+00
6.225150389999999589e+00
5.812202640000000642e+00
5.816478519999999541e+00
6.017827150000000458e+00
5.975600589999999990e+00
6.020081540000000508e+00
8.916660159999999280e+00
5.792728519999999826e+00
6.281074220000000707e+00
5.421302250000000100e+00
6.341854979999999919e+00
5.529617189999999738e+00
5.145674320000000357e+00
6.574138670000000850e+00
5.930862300000000253e+00
5.958842770000000399e+00
6.105466800000000305e+00
5.941466800000000603e+00
5.710895019999999711e+00
5.499692869999999623e+00
5.971250000000000391e+00
6.460833009999999987e+00
5.847060059999999559e+00
5.886700199999999938e+00
5.778053710000000009e+00
5.928464360000000433e+00
4.470728030000000075e+00
6.099984380000000428e+00
6.095530759999999937e+00
5.890810550000000312e+00
5.743949220000000189e+00
6.098862299999999514e+00
5.933737299999999770e+00
6.191151859999999729e+00
6.183212890000000073e+00
6.162216800000000383e+00
4.770294429999999863e+00
4.704438480000000311e+00
6.507293950000000216e+00
6.012007810000000063e+00
6.071171390000000834e+00
5.074439449999999852e+00
4.667664059999999893e+00
4.384308110000000092e+00
6.100434570000000889e+00
6.605189820000000323e-01
4.692010250000000049e+00
5.503811039999999544e+00
5.853136720000000182e+00
5.823697269999999371e+00
2.334744630000000321e+00
5.851542970000000565e+00
5.908537599999999834e+00
4.768333499999999781e+00
6.275589839999999420e+00
4.830392579999999825e+00
5.787176269999999789e+00
1.547134030000000049e+00
5.742468259999999880e+00
6.080383300000000268e+00
6.095020510000000336e+00
6.174682619999999567e+00
6.184302730000000636e+00
6.063016600000000089e+00
5.842720210000000414e+00
5.912744630000000612e+00
5.608239260000000392e+00
6.000395020000000024e+00
1.114547849999999896e+00
5.886483400000000366e+00
5.870665530000000132e+00
5.980124509999999560e+00
5.999989260000000435e+00
6.005695310000000120e+00
5.631291990000000247e+00
5.221528320000000889e+00
4.625056639999999497e+00
5.981333010000000172e+00
5.874869630000000065e+00
5.964309080000000485e+00
6.079232909999999990e+00
5.869503420000000027e+00
5.792422850000000345e+00
3.570682619999999918e+00
5.769925290000000651e+00
5.664026369999999311e+00
5.886371580000000492e+00
5.116066410000000175e+00
5.769837889999999803e+00
4.894881349999999465e+00
4.781115719999999847e+00
5.930132809999999921e+00
5.586077150000000380e+00
5.675353519999999818e+00
5.843880860000000510e+00
5.597333980000000153e+00
6.046199220000000984e+00
6.454257810000000539e+00
5.795226070000000007e+00
5.390302249999999518e+00
5.971074709999999897e+00
5.779393549999999991e+00
5.891738279999999328e+00
5.773595699999999553e+00
5.592910160000000630e+00
1.791708010000000018e+00
2.601989259999999859e+00
5.280374509999999688e+00
5.315250980000000069e+00
5.937141109999999777e+00
5.527519529999999293e+00
5.748684570000000882e+00
5.876812010000000086e+00
6.701874019999999987e+00
5.822362299999999991e+00
6.221057619999999844e+00
5.718867680000000675e+00
5.475409179999999765e+00
6.553509769999999790e+00
5.699658690000000583e+00
5.618312009999999468e+00
5.731530760000000058e+00
5.881153809999999815e+00
5.878386720000000842e+00
5.238118650000000542e+00
6.608880860000000190e+00
5.660147949999999817e+00
8.534335940000001841e+00
6.100596679999999772e+00
6.039602539999999742e+00
6.687408200000000136e+00
6.033946290000000268e+00
5.836149900000000557e+00
5.963897949999999781e+00
8.768938600000000250e-01
5.871747070000000512e+00
5.810462890000000158e+00
6.323238769999999676e+00
5.584505369999999580e+00
5.899384770000000167e+00
5.567912109999999970e+00
6.180146480000000331e+00
7.568850099999999692e+00
5.904060550000000518e+00
5.747794429999999899e+00
5.844367189999999823e+00
5.729322750000000575e+00
5.488874019999999909e+00
5.175333499999999809e+00
9.027824100000000351e-01
5.643634769999999357e+00
5.764232909999999599e+00
5.970083010000000634e+00
5.808682130000000221e+00
5.901198729999999948e+00
5.902776369999999773e+00
5.287908690000000078e+00
5.719321289999999891e+00
6.120159179999999921e+00
5.922557620000000078e+00
6.034829099999999613e+00
1.098997359999999901e+01
6.098415039999999898e+00
6.161845699999999759e+00
5.701079100000000288e+00
5.374555180000000654e+00
5.962713380000000285e+00
5.783301760000000513e+00
5.706118650000000514e+00
5.403363279999999769e+00
5.288502929999999935e+00
6.354633790000000504e-01
5.825536620000000276e+00
5.892227540000000374e+00
5.873146000000000200e+00
5.745994139999999639e+00
5.539092290000000141e+00
4.323675290000000615e+00
4.994452149999999868e+00
1.185352540000000054e+01
5.821305180000000412e+00
5.513396969999999619e+00
5.701789550000000872e+00
6.283758790000000261e+00
5.788359380000000165e+00
5.823560060000000149e+00
3.558273189999999975e+00
5.650751950000000079e+00
5.494114749999999603e+00
9.472897460000000436e+00
6.142679690000000470e+00
6.020268549999999941e+00
5.732626460000000534e+00
5.717151369999999844e+00
8.866717530000000069e-01
5.703984859999999379e+00
5.890445310000000489e+00
5.938534670000000126e+00
5.872477050000000531e+00
5.851024900000000528e+00
6.523351069999999474e+00
8.713845700000000249e+00
6.462489749999999589e+00
6.430870119999999801e+00
5.976611329999999889e+00
5.678538089999999983e+00
9.110700680000000107e-01
5.230565920000000091e+00
5.222230960000000088e+00
5.386176760000000563e+00
5.687237790000000182e+00
5.797031740000000433e+00
5.709040039999999649e+00
5.989545409999999848e+00
4.994943849999999408e+00
5.518287110000000162e+00
5.863057619999999304e+00
5.884974119999999864e+00
5.874455570000000293e+00
5.719837889999999980e+00
5.332910160000000843e+00
5.800592770000000620e+00
4.614210449999999852e+00
5.730010739999999991e+00
1.198482130000000012e+01
5.972136720000000842e+00
5.783443360000000588e+00
5.255208010000000485e+00
5.082247070000000200e+00
5.999154789999999515e+00
5.953538570000000085e+00
5.660611330000000052e+00
6.539615719999999577e+00
5.382214359999999864e+00
8.209255369999999274e-01
6.418972660000000552e+00
5.329904299999999928e+00
5.798711430000000000e+00
5.698437990000000397e+00
5.940424319999999980e+00
1.179587500000000055e+01
6.341765620000000325e+00
5.909178220000000259e+00
5.905923829999999874e+00
5.845119139999999547e+00
5.856098140000000285e+00
5.865985840000000451e+00
5.868586910000000323e+00
2.068439940000000199e+00
5.952073730000000396e+00
6.485078119999999835e+00
5.887972660000000857e+00
5.886597660000000509e+00
5.920632320000000171e+00
6.103478030000000665e+00
5.947415530000000672e+00
6.585141600000000039e+00
5.803497070000000591e+00
5.742547359999999657e+00
5.888934080000000293e+00
5.983165529999999954e+00
6.016773439999999695e+00
5.774815429999999417e+00
4.912798829999999839e+00
5.835128420000000204e+00
5.956353519999999513e+00
5.590078609999999948e+00
5.806634769999999612e+00
5.955302249999999908e+00
5.758951170000000452e+00
4.865131840000000096e+00
5.448561520000000158e+00
5.591361820000000371e+00
6.293838870000000085e+00
5.626162599999999792e+00
5.585663569999999467e+00
4.791469730000000204e+00
1.664322630000000025e+00
1.474112670000000014e+00
5.137534179999999395e+00
5.793823730000000616e+00
5.586735349999999656e+00
5.868920409999999421e+00
6.000127439999999979e+00
5.891138670000000133e+00
1.022836130000000132e+01
5.686183589999999732e+00
5.661892579999999953e+00
4.982107420000000175e+00
5.816844729999999686e+00
5.714845210000000897e+00
5.744515620000000489e+00
5.781125979999999664e+00
6.085660160000000651e+00
6.225248539999999942e+00
6.140986820000000179e+00
4.638541019999999904e+00
6.532944819999999986e+00
6.220749510000000093e+00
5.452169429999999650e+00
8.139009279999999791e+00
5.871713869999999780e+00
6.461556150000000720e+00
5.881937009999999688e+00
6.228328120000000467e+00
6.261046390000000628e+00
6.098589839999999818e+00
4.609552250000000129e+00
5.415388670000000459e+00
7.514205079999999981e+00
6.037363769999999796e+00
1.451192260000000012e+00
6.118545409999999407e+00
5.982416500000000248e+00
5.929016599999999748e+00
5.945777339999999356e+00
5.868568849999999948e+00
5.563759280000000196e+00
5.851352050000000915e+00
5.849739260000000662e+00
6.377814449999999802e+00
5.858756839999999855e+00
5.973265140000000528e+00
5.914837400000000578e+00
5.771730960000000188e+00
3.891262209999999833e+00
5.901329590000000458e+00
5.853273930000000291e+00
5.802167970000000174e+00
5.581367680000000497e+00
5.266429689999999830e+00
1.138646390000000075e+01
5.776689450000000114e+00
5.914299800000000218e+00
5.851474610000000354e+00
5.566761230000000005e+00
5.873174800000000140e+00
5.894797360000000097e+00
6.452739260000000421e+00
6.062211430000000512e+00
5.661179689999999987e+00
5.844969729999999863e+00
5.591437990000000191e+00
5.696742680000000725e+00
5.779560550000000241e+00
5.514205079999999981e+00
5.431537110000000723e+00
5.677960940000000178e+00
5.513146970000000202e+00
5.839632810000000340e+00
5.574491210000000585e+00
6.087085939999999695e+00
5.375139159999999805e+00
5.898205570000000009e+00
5.907606450000000287e+00
4.073566160000000380e+00
5.986219730000000183e+00
5.654926760000000385e+00
6.044570310000000113e+00
5.590871089999999377e+00
5.026812500000000128e+00
5.845751460000000677e+00
5.379096679999999964e+00
5.151516109999999316e+00
5.613460940000000399e+00
6.577429200000000087e+00
5.906753910000000829e+00
5.773489260000000733e+00
6.133488770000000478e+00
6.015658199999999844e+00
6.153776370000000107e+00
6.121700680000000006e+00
4.458363279999999484e+00
4.821649900000000599e+00
4.794816410000000140e+00
5.425591800000000298e+00
5.658841309999999680e+00
5.877365230000000551e+00
8.493264649999998639e+00
5.950080569999999902e+00
5.770724119999999679e+00
6.012434080000000236e+00
5.912484859999999287e+00
5.895416019999999868e+00
5.725434570000000889e+00
4.666701660000000196e+00
4.590916500000000511e+00
1.170900879999999944e+01
5.870679690000000228e+00
5.958084959999999874e+00
2.868060059999999911e+00
6.010625980000000368e+00
7.543347780000000391e-01
5.905213869999999865e+00
5.905121089999999739e+00
6.042658690000000554e+00
5.924527829999999717e+00
5.924595700000000242e+00
5.865983400000000181e+00
4.876753420000000006e+00
5.697364260000000513e+00
6.270158200000000015e+00
5.854325679999999643e+00
1.041768070000000179e+01
4.113910640000000285e+00
4.730410160000000808e+00
6.255044920000000452e+00
5.835398930000000206e+00
6.195061520000000321e+00
6.065817870000000056e+00
6.065148930000000327e+00
6.064390620000000176e+00
5.985770999999999731e+00
6.034158200000000249e+00
5.796387209999999790e+00
5.705953609999999898e+00
6.349618650000000919e+00
6.001037600000000083e+00
5.785561040000000155e+00
5.850800290000000459e+00
6.642180180000000433e+00
5.443097660000000282e+00
5.554977050000000638e+00
5.865841309999999531e+00
5.932660160000000182e+00
5.816861330000000052e+00
1.382769649999999961e+00
1.184799439999999926e+00
5.798464359999999651e+00
6.007729490000000006e+00
5.775487299999999991e+00
5.946018070000000044e+00
5.821734379999999653e+00
5.964234379999999724e+00
5.482028810000000085e+00
5.844759769999999577e+00
5.901970210000000883e+00
3.743298100000000073e+00
5.640931150000000116e+00
5.776925780000000010e+00
5.901522460000000692e+00
6.159658199999999972e+00
5.662518549999999706e+00
5.861923340000000593e+00
5.777812009999999887e+00
1.123319039999999980e+01
1.004567379999999899e+00
6.496951659999999684e+00
6.069175780000000131e+00
5.905729000000000006e+00
5.468617680000000369e+00
6.018322750000000276e+00
5.924115230000000842e+00
3.808445560000000008e+00
4.600817380000000512e+00
6.016055660000000138e+00
5.557141109999999884e+00
6.124570800000000759e+00
5.608912600000000026e+00
6.166616209999999931e+00
6.088758300000000290e+00
6.263271969999999911e+00
5.799422359999999443e+00
6.156958980000000636e+00
6.080616699999999319e+00
1.130954469999999823e+00
6.181039059999999807e+00
5.835850100000000040e+00
6.026627930000000077e+00
6.098413569999999950e+00
3.281729490000000027e+00
5.506893070000000279e+00
6.063806640000000137e+00
5.460862790000000189e+00
5.575096190000000007e+00
6.128964840000000081e+00
6.325590329999999817e+00
6.303552730000000714e+00
5.672146480000000324e+00
6.165193849999999642e+00
6.142089359999999942e+00
6.002627930000000056e+00
5.871400389999999803e+00
5.862287600000000154e+00
5.474638180000000354e+00
5.825443360000000403e+00
6.035603030000000757e+00
9.687586670000000177e-01
6.146129880000000156e+00
5.724389159999999421e+00
6.633449709999999833e+00
5.932331050000000161e+00
8.722654300000000305e+00
5.918061039999999551e+00
5.936493160000000380e+00
6.038972170000000084e+00
6.021160640000000619e+00
5.949877440000000739e+00
6.214139160000000217e+00
6.079836430000000291e+00
5.770635250000000660e+00
5.917060059999999844e+00
5.884814450000000363e+00
6.044108399999999826e+00
5.767169920000000616e+00
5.812222170000000077e+00
6.606503420000000126e+00
5.956705570000000449e+00
5.558900389999999803e+00
5.939703119999999892e+00
6.111850590000000416e+00
5.518737790000000309e+00
5.676259280000000018e+00
8.616134029999999999e-01
4.270249020000000506e+00
5.337541500000000383e+00
5.718131350000000168e+00
1.426203000000000110e+00
5.737940430000000092e+00
5.642458500000000043e+00
5.824433589999999938e+00
5.827587890000000215e+00
5.839871089999999931e+00
5.878301760000000264e+00
5.831991699999999668e+00
5.765070310000000475e+00
5.904625000000000234e+00
1.116248899999999988e+00
5.907679690000000150e+00
5.047126460000000314e+00
1.192912500000000087e+01
6.107882810000000440e+00
5.915703609999999557e+00
5.979337890000000044e+00
5.874079100000000331e+00
5.738463869999999467e+00
5.844730959999999698e+00
9.535647579999999568e-01
6.519918460000000415e+00
5.818223630000000313e+00
5.910399900000000706e+00
6.430182130000000384e+00
6.389264159999999748e+00
5.827209469999999669e+00
1.184582320000000166e+01
5.313508300000000517e+00
5.659448730000000261e+00
6.152150880000000654e+00
6.237431639999999611e+00
5.312985349999999940e+00
6.121953609999999379e+00
5.205190430000000035e+00
5.475395510000000243e+00
5.803021480000000842e+00
6.210930180000000078e+00
5.842944339999999848e+00
5.781159179999999509e+00
6.279649410000000209e+00
6.061472170000000048e+00
6.024631349999999941e+00
4.424988279999999996e+00
5.071288570000000107e+00
5.761228030000000722e+00
5.574342289999999700e+00
2.226594970000000284e+00
6.074145510000000137e+00
6.053810059999999993e+00
4.635075200000000173e+00
5.699231450000000088e+00
5.765164060000000035e+00
5.731653320000000384e+00
8.139350099999999699e+00
5.971088380000000306e+00
5.985821780000000203e+00
6.079864749999999596e+00
6.192227540000000197e+00
6.170800779999999541e+00
5.884999999999999787e+00
5.973081539999999912e+00
5.922976069999999815e+00
5.996953609999999379e+00
5.628723139999999958e+00
5.969166019999999406e+00
6.460311039999999672e+00
5.787702150000000323e+00
6.480372070000000484e+00
5.740334960000000208e+00
5.945632319999999638e+00
5.824491210000000585e+00
5.985811039999999750e+00
6.030290039999999685e+00
6.015643550000000062e+00
5.541336910000000060e+00
5.907462889999999689e+00
5.087560059999999496e+00
5.264485840000000749e+00
5.775332029999999506e+00
5.878645020000000443e+00
6.601922359999999657e+00
5.753275389999999767e+00
6.635654789999999359e+00
5.948432130000000484e+00
5.651102050000000432e+00
5.886726560000000497e+00
4.515925290000000203e+00
5.871868650000000578e+00
6.049467289999999942e+00
6.738669920000000424e+00
5.849826659999999734e+00
5.671487299999999898e+00
5.765442870000000219e+00
6.620719240000000561e+00
5.826248539999999920e+00
2.125380620000000054e+00
6.088118650000000187e+00
5.862808589999999320e+00
5.624639160000000082e+00
6.008064940000000576e+00
4.973327150000000252e+00
5.833667479999999905e+00
5.942782229999999721e+00
7.374636720000000700e+00
5.910204099999999627e+00
5.776308590000000187e+00
5.905864260000000421e+00
5.952900389999999931e+00
6.038769529999999719e+00
5.265569339999999876e+00
6.399399900000000585e+00
6.154253419999999863e+00
5.364234859999999827e+00
9.972878910000000374e+00
5.662499020000000272e+00
5.721660160000000772e+00
5.877358400000000316e+00
5.983977050000000908e+00
5.898002929999999644e+00
5.683597660000000218e+00
5.371571290000000332e+00
5.967450679999999785e+00
5.509091309999999631e+00
5.669621580000000272e+00
5.987466310000000291e+00
5.331088380000000626e+00
6.037572750000000710e+00
1.707243289999999858e+00
5.700610349999999826e+00
5.965078120000000261e+00
5.423573239999999629e+00
8.044124019999999931e+00
5.928346190000000071e+00
5.793551270000000031e+00
1.191937399999999947e+01
5.955196289999999948e+00
4.711396480000000331e+00
6.064478519999999762e+00
6.102158690000000441e+00
5.849695310000000426e+00
5.895743650000000891e+00
8.606790039999999919e+00
5.985176760000000762e+00
1.794030269999999927e+00
6.395162110000000233e+00
5.955820310000000006e+00
6.529218750000000071e+00
6.212807129999999844e+00
5.861517580000000116e+00
5.962608400000000586e+00
5.899640140000000699e+00
5.910505370000000092e+00
5.597522950000000108e+00
5.478845210000000243e+00
5.789990230000000793e+00
5.900184570000000406e+00
5.825134770000000017e+00
3.626429439999999893e+00
5.195046879999999589e+00
6.546195309999999878e+00
5.463358890000000301e+00
5.800114749999999653e+00
6.091194820000000121e+00
5.975388180000000382e+00
6.008785640000000150e+00
6.068330570000000534e+00
7.029969240000000674e+00
1.103708590000000100e+01
6.121288090000000182e+00
1.017972359999999910e+01
6.008773439999999688e+00
6.580778320000000292e+00
5.100998539999999970e+00
5.536701659999999414e+00
5.715476559999999928e+00
5.712623050000000369e+00
5.454756349999999365e+00
5.903333010000000769e+00
5.684703609999999685e+00
5.831836909999999818e+00
6.173263670000000758e+00
6.057058589999999576e+00
8.661956790000000517e-01
5.977715820000000235e+00
5.907454099999999819e+00
5.798026860000000227e+00
3.989949460000000059e+00
5.799199709999999897e+00
5.945654300000000170e+00
5.761012209999999634e+00
5.919898439999999873e+00
5.179908199999999852e+00
5.893370609999999843e+00
6.089219729999999942e+00
6.085235350000000487e+00
5.601813479999999679e+00
6.060238280000000088e+00
6.129750000000000476e+00
5.437956049999999486e+00
5.771824709999999747e+00
6.632152340000000201e+00
5.860711430000000277e+00
5.930312990000000894e+00
5.848104489999999878e+00
6.020685550000000497e+00
5.524074220000000146e+00
4.544417479999999898e+00
5.867878420000000261e+00
6.041759769999999641e+00
6.023355959999999953e+00
5.808935550000000170e+00
6.083497559999999638e+00
6.232208499999999596e+00
6.020422850000000103e+00
5.803728519999999946e+00
4.653615719999999456e+00
5.932369139999999597e+00
5.805443359999999942e+00
6.484675290000000203e+00
4.965078609999999948e+00
5.371624510000000186e+00
5.722181150000000827e+00
5.753227050000000453e+00
5.721150880000000605e+00
5.897828609999999472e+00
5.382888670000000708e+00
1.931231690000000167e+00
6.185554690000000022e+00
5.922755369999999964e+00
5.925529299999999999e+00
6.083332519999999910e+00
5.769929689999999667e+00
5.701755860000000453e+00
5.921872070000000043e+00
6.160195309999999758e+00
6.570841800000000177e+00
5.859782229999999537e+00
5.893126950000000086e+00
6.005984380000000122e+00
5.870967770000000030e+00
6.034364260000000257e+00
5.722967289999999707e+00
9.470988280000000259e+00
5.985228030000000032e+00
9.691801760000000598e+00
5.731517580000000223e+00
4.685176760000000051e+00
5.910718750000000021e+00
5.774483400000000266e+00
6.009537110000000126e+00
6.471949220000000835e+00
5.507024410000000536e+00
6.092138670000000644e+00
5.426535639999999994e+00
5.762757810000000092e+00
5.393651369999999723e+00
5.856179199999999696e+00
1.064449899999999971e+01
5.519706049999999919e+00
5.602541500000000063e+00
5.905367680000000341e+00
5.804606450000000528e+00
5.704537110000000411e+00
6.235677730000000807e+00
6.055894040000000089e+00
5.849428710000000642e+00
6.013361820000000080e+00
6.095166500000000376e+00
5.701342770000000115e+00
8.102418950000000564e+00
5.647002930000000198e+00
6.056209469999999762e+00
5.680143070000000627e+00
5.854410640000000221e+00
1.522338500000000039e+00
5.822947269999999342e+00
5.718369140000000073e+00
6.107074220000000331e+00
5.666650880000000612e+00
5.889635250000000433e+00
5.837329590000000401e+00
6.416626460000000698e+00
6.062086430000000803e+00
1.169530860000000061e+01
5.482533690000000348e+00
5.890261230000000126e+00
5.783478030000000381e+00
6.408684570000000136e+00
9.310930179999999945e-01
5.618356450000000279e+00
5.779567380000000476e+00
6.245720210000000883e+00
5.843872560000000327e+00
4.482633790000000396e+00
5.920199710000000337e+00
6.180500490000000902e+00
5.598810059999999922e+00
5.944463869999999872e+00
5.413498050000000283e+00
5.636903320000000051e+00
6.325546390000000407e+00
5.556265620000000460e+00
5.951158200000000065e+00
5.923201170000000459e+00
4.696153320000000519e+00
1.703192140000000077e+00
5.912935059999999687e+00
5.808297360000000076e+00
6.598575199999999974e+00
4.623169920000000488e+00
5.332604489999999586e+00
1.193755370000000049e+01
4.678042970000000800e+00
5.720115719999999904e+00
4.619854980000000388e+00
5.990868650000000351e+00
6.073620119999999289e+00
5.520458980000000793e+00
5.345181639999999845e+00
5.530061039999999650e+00
6.164246089999999789e+00
1.689317989999999936e+00
5.396492680000000597e+00
5.834320309999999843e+00
5.940115230000000857e+00
6.053984859999999912e+00
5.729229000000000127e+00
6.006140620000000041e+00
6.691465820000000342e+00
6.158770999999999773e+00
5.667989260000000584e+00
5.903169920000000737e+00
6.012195800000000645e+00
5.629745609999999623e+00
5.814713380000000598e+00
9.508976559999998912e+00
6.020363770000000336e+00
6.066128910000000651e+00
5.492374509999999432e+00
6.052889159999999436e+00
1.026320800000000055e+01
1.275104000000000015e+00
6.018084960000000372e+00
6.563659180000000148e+00
6.480427730000000608e+00
1.129450590000000076e+01
5.934170899999999804e+00
6.534396480000000729e+00
5.961497559999999751e+00
5.171740719999999847e+00
1.136551460000000091e+01
4.731328609999999379e+00
5.963354000000000710e+00
4.117837400000000869e+00
4.714535160000000502e+00
5.190175289999999997e+00
5.730106450000000073e+00
5.999213380000000484e+00
6.524069820000000242e+00
5.743940920000000006e+00
6.164314450000000001e+00
3.617890620000000279e+00
5.831801269999999704e+00
4.826162599999999969e+00
6.175638179999999977e+00
6.278591800000000056e+00
5.799851069999999886e+00
5.838511229999999941e+00
5.939409669999999863e+00
6.817180660000000003e+00
6.166563960000000399e+00
6.152225590000000466e+00
6.190680180000000199e+00
5.084543459999999904e+00
6.756580079999999988e+00
5.853010740000000212e+00
6.009489750000000186e+00
5.253904789999999991e+00
5.069271480000000274e+00
1.402548579999999934e+00
1.217871090000000045e+00
4.984952640000000379e+00
5.339730470000000118e+00
6.101646970000000003e+00
5.999952640000000947e+00
6.548942380000000618e+00
6.327030759999999532e+00
6.035888179999999714e+00
5.755642090000000266e+00
5.878592289999999387e+00
5.989260739999999750e+00
6.107727050000000268e+00
5.671986330000000187e+00
6.044633789999999784e+00
5.672421879999999916e+00
4.459435550000000248e+00
6.020453609999999678e+00
5.483403320000000747e+00
5.647055180000000618e+00
6.139636229999999806e+00
6.208596679999999424e+00
5.469898930000000270e+00
5.980229490000000148e+00
5.900847660000000161e+00
5.882899900000000848e+00
8.109665039999999436e+00
5.739885250000000383e+00
5.721291019999999783e+00
1.100216310000000064e+01
6.113036130000000234e+00
5.637458980000000786e+00
5.947930659999999925e+00
6.047692380000000867e+00
5.650217289999999615e+00
6.011389649999999918e+00
6.552133300000000382e+00
5.972641109999999642e+00
5.980949709999999975e+00
1.132527830000000080e+01
5.340527830000000087e+00
6.758198239999999579e+00
7.224341429999999731e-01
4.757354980000000566e+00
5.994776859999999985e+00
4.609603030000000601e+00
5.603635249999999957e+00
5.058640140000000507e+00
5.252308110000000418e+00
5.422442380000000561e+00
5.833538569999999979e+00
6.087674320000000527e+00
9.951802370000000231e-01
6.089732909999999499e+00
5.923060550000000646e+00
5.899598140000000157e+00
5.787858400000000181e+00
4.924809080000000172e+00
5.408583010000000080e+00
5.742691410000000829e+00
5.904580570000000250e+00
5.894535160000000218e+00
5.951299320000000392e+00
6.151639160000000217e+00
5.848254390000000136e+00
5.875435060000000043e+00
6.398093259999999560e+00
5.980226560000000191e+00
6.182289060000000447e+00
6.545599120000000326e+00
6.000008300000000183e+00
5.357012209999999719e+00
5.655090820000000740e+00
6.059181150000000571e+00
5.714975589999999883e+00
5.916635250000000568e+00
6.717094240000000660e+00
1.072389749999999964e+01
5.750728030000000324e+00
6.085702640000000940e+00
6.111964839999999732e+00
5.895238280000000053e+00
5.945177249999999525e+00
6.136245610000000461e+00
6.288699220000000700e+00
5.942268549999999649e+00
6.387532229999999700e+00
5.692501949999999589e+00
5.524765620000000155e+00
5.726762210000000408e+00
5.411238769999999754e+00
5.584167970000000203e+00
1.183690619999999960e+01
5.387828119999999998e+00
5.806129390000000612e+00
8.331047850000000921e+00
8.392581179999999419e-01
5.846576660000000203e+00
6.016318360000000531e+00
5.615073240000000077e+00
5.568051269999999775e+00
6.381209469999999939e+00
6.117798829999999910e+00
6.081108400000000636e+00
5.830887700000000784e+00
5.826980960000000209e+00
6.069102540000000268e+00
5.909492189999999923e+00
5.850724610000000325e+00
5.830405759999999660e+00
5.911483399999999833e+00
5.989257320000000107e+00
1.354280760000000194e+00
5.877907710000000563e+00
1.102600100000000083e+00
5.960586909999999961e+00
5.801546390000000386e+00
5.953470699999999560e+00
5.537354490000000240e+00
5.975377929999999616e+00
5.725056640000000030e+00
5.954497070000000392e+00
5.539296880000000201e+00
5.672097169999999799e+00
1.101150879999999832e+00
6.425941889999999823e+00
5.664293950000000244e+00
5.924881840000000288e+00
5.560344729999999736e+00
5.792698239999999998e+00
5.914182620000000057e+00
5.906061039999999984e+00
6.056788570000000149e+00
1.279401369999999982e+00
6.009407229999999878e+00
6.335409180000000084e+00
5.215040039999999877e+00
1.274687259999999878e+00
5.637913090000000516e+00
2.969273679999999693e+00
6.530841800000000141e+00
6.376758790000000232e+00
5.848171879999999767e+00
4.982059079999999973e+00
4.201426760000000371e+00
4.291202640000000734e+00
5.800008789999999692e+00
5.870997560000000171e+00
5.918020999999999532e+00
5.917894529999999875e+00
1.701021239999999990e+00
6.080291990000000091e+00
8.877824100000000218e-01
6.010373050000000106e+00
1.473999510000000068e+00
4.880121089999999384e+00
5.894415040000000161e+00
5.909998540000000133e+00
5.640621580000000357e+00
7.601924320000000179e+00
6.447416019999999470e+00
5.594121089999999796e+00
5.849400880000000136e+00
5.956761720000000260e+00
5.932187009999999816e+00
6.366376460000000570e+00
5.912486819999999810e+00
2.046638920000000361e+00
5.952876950000000278e+00
5.921388670000000687e+00
6.277361329999999739e+00
5.424742189999999908e+00
6.097027830000000037e+00
5.858801269999999839e+00
4.342381350000000140e+00
5.874421390000000187e+00
1.183330759999999948e+01
6.055291500000000049e+00
1.182132619999999967e+01
6.257666500000000021e+00
5.767188479999999728e+00
5.953307130000000669e+00
4.401539550000000744e+00
4.431552730000000828e+00
4.355684080000000513e+00
5.187095699999999532e+00
5.624437990000000553e+00
5.887406249999999730e+00
4.716682619999999382e+00
4.847093749999999979e+00
4.892005860000000261e+00
5.702435550000000575e+00
1.066797560000000011e+01
1.170674999999999955e+01
6.225610350000000182e+00
5.818679689999999738e+00
5.953210449999999376e+00
5.715562499999999879e+00
5.865970210000000407e+00
3.017083500000000029e+00
5.886137699999999917e+00
5.949310549999999864e+00
6.477648930000000860e+00
6.017485839999999975e+00
1.153274050000000051e+00
6.064126950000000349e+00
5.933607910000000096e+00
5.902354489999999565e+00
5.775404789999999622e+00
6.033782710000000549e+00
1.028389450000000060e+01
5.843901369999999318e+00
6.086368650000000713e+00
5.883829099999999812e+00
5.965361820000000037e+00
5.357612790000000125e+00
5.987661130000000220e+00
5.878607420000000694e+00
5.846589840000000038e+00
5.819411620000000340e+00
4.854642090000000465e+00
5.769423830000000031e+00
5.583259280000000047e+00
5.787445800000000418e+00
5.669191410000000708e+00
5.853666500000000106e+00
5.775791500000000411e+00
4.808651860000000333e+00
5.910513179999999700e+00
6.000766109999999820e+00
5.977346190000000448e+00
5.873655760000000114e+00
6.070269040000000338e+00
6.680512700000000414e+00
6.503999509999999873e+00
6.153916019999999598e+00
1.167584860000000013e+01
6.040437009999999773e+00
6.568766600000000011e+00
6.367973140000000143e+00
6.027739750000000285e+00
5.690537599999999863e+00
4.970358890000000862e+00
5.488535640000000271e+00
5.885270020000000102e+00
4.554271480000000594e+00
5.855500490000000724e+00
5.867192380000000540e+00
5.649093259999999894e+00
5.914673829999999910e+00
5.881720210000000115e+00
5.753379880000000668e+00
9.350297850000000022e-01
5.703592289999999565e+00
5.926635250000000354e+00
5.861913569999999574e+00
5.847205080000000166e+00
5.489697750000000376e+00
1.074766310000000047e+01
5.888100590000000523e+00
5.667815919999999785e+00
5.235117680000000107e+00
5.867141600000000068e+00
7.998504389999999908e+00
6.074353030000000153e+00
5.804835940000000249e+00
5.826394040000000274e+00
6.091524409999999889e+00
1.199918160000000000e+01
4.216353030000000501e+00
5.814804199999999312e+00
5.719675290000000523e+00
5.708759769999999456e+00
5.926644529999999911e+00
5.870038570000000178e+00
2.453185060000000028e+00
5.973763179999999728e+00
1.198525390000000135e+00
5.608598630000000362e+00
4.402724120000000241e+00
5.236603030000000381e+00
5.798075680000000176e+00
5.999908200000000136e+00
1.556283450000000013e+00
5.783630370000000021e+00
1.061346070000000141e+00
5.753661619999999921e+00
5.846241699999999319e+00
9.082319339999999741e+00
5.765066410000000197e+00
5.447172850000000288e+00
6.114727050000000830e+00
5.956692870000000362e+00
6.014565430000000212e+00
6.174879880000000654e+00
6.692360840000000088e+00
5.933840329999999774e+00
1.107764060000000050e+01
5.713492680000000767e+00
5.917625000000000135e+00
5.997953609999999713e+00
6.101058110000000312e+00
5.953340820000000200e+00
6.362495119999999282e+00
5.725002929999999601e+00
5.757818359999999913e+00
5.900336430000000298e+00
5.912227539999999948e+00
6.076120610000000255e+00
5.994976560000000454e+00
9.485010739999999885e+00
5.952283690000000682e+00
8.005607300000000537e-01
5.918842770000000364e+00
5.595455079999999803e+00
6.007208980000000587e+00
5.749606449999999924e+00
5.799078119999999892e+00
5.350544430000000240e+00
5.845183109999999793e+00
5.537187009999999354e+00
5.878343259999999404e+00
1.213136839999999994e+00
5.500624020000000058e+00
5.763523930000000739e+00
5.585971190000000419e+00
8.588252930000001228e+00
5.947117190000000164e+00
5.893306150000000798e+00
6.051911130000000583e+00
5.226758789999999877e+00
5.572510740000000240e+00
6.124867189999999795e+00
6.021217290000000055e+00
5.992804689999999823e+00
5.972043460000000081e+00
5.803832029999999698e+00
5.474371089999999995e+00
5.807083500000000065e+00
6.557082519999999803e+00
5.868472170000000432e+00
6.031537600000000054e+00
5.920126950000000221e+00
1.030137790000000031e+01
5.719661620000000113e+00
5.000839359999999623e+00
4.478349119999999850e+00
6.435746089999999420e+00
5.932972660000000786e+00
5.620470700000000264e+00
5.926408690000000590e+00
7.592045409999999883e+00
5.650832519999999803e+00
1.134934469999999962e+01
1.056758790000000126e+01
7.426929689999999695e+00
5.932864260000000556e+00
5.808713380000000370e+00
6.052444819999999837e+00
5.722303710000000265e+00
5.047781249999999886e+00
5.959320309999999843e+00
5.307894039999999869e+00
5.512498050000000482e+00
5.465615230000000047e+00
5.911716310000000085e+00
6.307935060000000149e+00
5.942609860000000133e+00
5.773329099999999769e+00
5.797669920000000587e+00
5.888873049999999942e+00
5.961174320000000471e+00
5.964203120000000524e+00
5.802858399999999861e+00
6.051566410000000396e+00
5.809497559999999616e+00
5.509575680000000197e+00
6.204107910000000281e+00
5.624629389999999951e+00
5.894169920000000396e+00
5.989583980000000807e+00
6.057528809999999986e+00
5.756572269999999492e+00
8.875546879999999916e+00
8.022875370000001061e-01
6.034465820000000313e+00
6.025391109999999273e+00
6.107181640000000300e+00
6.575002930000000134e+00
6.004829100000000253e+00
5.798173829999999640e+00
6.027844240000000298e+00
1.015420700000000132e+01
5.433069820000000050e+00
5.953737789999999919e+00
6.031942380000000270e+00
5.842078120000000041e+00
5.124980470000000565e+00
5.850599120000000042e+00
5.465558589999999661e+00
5.517615230000000537e+00
5.916732909999999457e+00
5.698081049999999870e+00
5.542736820000000009e+00
1.174603609999999954e+01
5.838685059999999538e+00
5.979583010000000698e+00
5.700995119999999972e+00
5.977855960000000302e+00
5.998369140000000321e+00
5.919797850000000139e+00
5.601134280000000132e+00
1.119554000000000116e+01
5.873065429999999587e+00
5.751198730000000481e+00
5.619038569999999844e+00
5.705437009999999809e+00
5.781958500000000001e+00
6.157108400000000259e+00
6.905896969999999691e+00
5.167261720000000835e+00
5.253537109999999899e+00
5.829183109999999779e+00
5.749122070000000306e+00
9.473079100000001418e+00
5.858711910000000245e+00
5.831999510000000164e+00
7.649307620000000085e+00
6.221436039999999501e+00
5.827469729999999792e+00
5.993041019999999719e+00
6.026979980000000126e+00
5.913575680000000112e+00
6.285053710000000571e+00
6.138948239999999501e+00
5.988199220000000267e+00
5.985574220000000167e+00
6.078479000000000632e+00
6.035379390000000122e+00
5.778952640000000862e+00
5.928034180000000042e+00
1.238570680000000035e+00
5.791128910000000296e+00
5.701754390000000505e+00
5.841572750000000092e+00
5.312664060000000354e+00
5.640982420000000275e+00
5.500789550000000361e+00
5.562302250000000114e+00
5.921495119999999446e+00
5.615605959999999897e+00
4.764826659999999769e+00
4.681438479999999736e+00
5.020815429999999857e+00
5.090765140000000244e+00
5.718481450000000521e+00
5.891676760000000179e+00
5.711688480000000290e+00
5.957855470000000153e+00
5.791483400000000614e+00
5.946920409999999713e+00
5.332984859999999827e+00
6.603411130000000462e+00
5.747519040000000246e+00
5.977434570000000669e+00
6.037836430000000476e+00
6.088327150000000465e+00
6.081122070000000157e+00
5.971255860000000304e+00
5.918388670000000573e+00
6.211751460000000336e+00
6.229411130000000796e+00
5.302599610000000574e+00
5.966006349999999792e+00
6.070273440000000242e+00
5.856849610000000261e+00
5.905171880000000151e+00
5.624735840000000486e+00
2.335246090000000052e+00
5.242743159999999847e+00
6.191118160000000259e+00
5.995379390000000086e+00
6.455780759999999674e+00
5.703364749999999539e+00
5.841507810000000411e+00
5.323467770000000598e+00
5.821479980000000332e+00
5.674517090000000152e+00
5.775056150000000166e+00
9.885251950000000676e+00
5.799291500000000710e+00
6.154787110000000006e+00
5.943614260000000371e+00
5.742418950000000244e+00
5.564236820000000527e+00
5.813083500000000292e+00
5.687043950000000514e+00
5.492645020000000322e+00
5.635863279999999698e+00
5.683062500000000128e+00
5.840836430000000412e+00
5.580669920000000062e+00
6.012539059999999935e+00
5.651947269999999968e+00
5.553145019999999654e+00
5.335374020000000606e+00
5.835835449999999369e+00
4.678898440000000214e+00
5.977538570000000107e+00
5.974650389999999867e+00
6.104641109999999316e+00
1.159990040000000100e+01
6.061658200000000107e+00
6.206145999999999496e+00
5.965160640000000569e+00
6.097523439999999795e+00
4.478018070000000073e+00
5.610636720000000466e+00
5.871495119999999623e+00
6.030743650000000677e+00
6.095491210000000493e+00
5.992714359999999907e+00
6.178025879999999859e+00
5.843813960000000307e+00
5.825532230000000311e+00
5.767486820000000236e+00
7.106638789999999428e-01
6.079069340000000210e+00
5.829291989999999757e+00
5.995746089999999917e+00
6.019597660000000516e+00
6.101366210000000123e+00
5.664219730000000119e+00
6.156729490000000027e+00
6.198518070000000435e+00
4.969320800000000204e+00
4.281267090000000053e+00
5.445737300000000225e+00
5.900153320000000257e+00
4.852305659999999854e+00
5.660901860000000063e+00
2.436128909999999870e+00
4.448598630000000220e+00
5.770412599999999337e+00
6.703574220000000139e+00
1.686219970000000234e+00
6.024412110000000098e+00
6.131142579999999676e+00
4.592085449999999902e+00
5.934292970000000444e+00
4.421121089999999754e+00
5.410633300000000645e+00
5.634110350000000267e+00
5.426741700000000002e+00
5.226241210000000414e+00
5.940308589999999889e+00
5.051436520000000208e+00
5.827059079999999724e+00
5.765734379999999604e+00
3.774039789999999783e+00
1.882874020000000037e+00
5.755259769999999442e+00
5.886714360000000035e+00
5.852637210000000145e+00
6.192302730000000643e+00
5.995516600000000196e+00
5.749288570000000043e+00
7.384057620000000099e+00
7.569522949999999639e+00
5.932386720000000224e+00
5.809961430000000426e+00
5.723779790000000034e+00
5.844039060000000063e+00
5.737327150000000486e+00
5.695704100000000381e+00
5.754465330000000378e+00
5.950886720000000629e+00
5.207685060000000199e+00
5.876210449999999419e+00
5.904961430000000178e+00
5.990250490000000205e+00
5.931425289999999961e+00
6.060742680000000604e+00
5.787865720000000103e+00
5.914501460000000321e+00
5.875737790000000516e+00
5.669171390000000699e+00
5.801648930000000703e+00
5.263331049999999678e+00
5.848354979999999870e+00
5.559832029999999925e+00
5.874699220000000111e+00
5.844494140000000115e+00
3.597381350000000033e+00
5.858702150000000053e+00
5.917144040000000160e+00
5.841815920000000162e+00
6.602016599999999791e+00
5.951544430000000219e+00
5.769704100000000224e+00
5.859729489999999430e+00
1.265817140000000229e+00
5.935236820000000080e+00
5.032772460000000336e+00
2.852736330000000375e+00
5.512046390000000962e+00
5.343712889999999938e+00
5.815209960000000677e+00
6.019775389999999504e+00
6.081188479999999785e+00
6.145569460000001039e-01
5.081858399999999776e+00
6.073889649999999918e+00
6.634234859999999401e+00
6.095158690000000767e+00
6.098670900000000117e+00
6.709286620000000312e+00
5.925640140000000500e+00
5.980750979999999828e+00
6.075880370000000141e+00
5.867274900000000848e+00
5.922433589999999803e+00
5.925101559999999878e+00
5.565270019999999818e+00
1.608416500000000138e+00
5.993045409999999684e+00
6.012509280000000622e+00
6.582990230000000054e+00
6.044966309999999510e+00
5.963892579999999555e+00
4.194847660000000644e+00
5.681821290000000246e+00
5.702913569999999766e+00
5.853546390000000876e+00
5.689941410000000310e+00
5.721440920000000041e+00
5.994057619999999531e+00
5.879622559999999609e+00
5.915557129999999830e+00
5.954252440000000313e+00
5.902723630000000554e+00
5.733663090000000295e+00
5.983888180000000112e+00
5.783381349999999976e+00
5.983215820000000740e+00
5.922300289999999912e+00
5.588216309999999964e+00
7.275971680000000719e-01
5.700894040000000551e+00
5.902347660000000218e+00
6.467189450000000228e+00
5.672854980000000324e+00
1.556210939999999932e+00
5.704965330000000279e+00
5.458789550000000546e+00
5.853299320000000527e+00
5.809442380000000128e+00
5.829051269999999896e+00
6.265913569999999488e+00
5.894064940000000696e+00
5.754432619999999332e+00
6.018704099999999890e+00
5.701144529999999655e+00
1.719632450000000201e+00
5.892156250000000206e+00
5.745364750000000242e+00
5.323761230000000566e+00
5.856162110000000531e+00
5.814259769999999605e+00
5.636345210000000883e+00
5.804745610000000333e+00
5.936221680000000056e+00
5.679366210000000414e+00
5.590070800000000339e+00
5.319494139999999760e+00
3.574517330000000381e+00
5.653606450000000727e+00
1.068863179999999957e+01
5.787615230000000111e+00
5.782267090000000387e+00
1.175600830000000041e+00
5.828585449999999391e+00
5.256145019999999946e+00
5.778168459999999840e+00
5.824906740000000305e+00
7.661246340000000821e-01
5.982613770000000386e+00
5.598561520000000513e+00
5.828578610000000104e+00
5.837939940000000050e+00
5.934308109999999914e+00
5.890617680000000078e+00
5.833351069999999972e+00
6.020587400000000144e+00
5.923753419999999714e+00
5.961880859999999949e+00
6.086757809999999935e+00
5.867099610000000354e+00
5.720240230000000814e+00
6.431568849999999671e+00
1.139928910000000073e+01
4.858147949999999327e+00
6.025862790000000579e+00
5.555952150000000422e+00
5.815020020000000400e+00
5.831372070000000463e+00
4.713736329999999697e+00
4.045337400000000194e+00
9.395347900000000640e-01
5.924108890000000294e+00
5.644946290000000033e+00
5.856802730000000068e+00
5.782853519999999747e+00
6.075224119999999672e+00
5.922449710000000422e+00
5.672973139999999859e+00
6.744512700000000471e+00
5.723891109999999394e+00
5.529217290000000062e+00
5.827882319999999616e+00
5.748654789999999792e+00
9.446040039999999971e-01
5.164680180000000398e+00
5.615274410000000493e+00
5.943010250000000383e+00
5.956312009999999546e+00
7.753351440000000316e-01
3.985824710000000159e+00
5.686323240000000112e+00
5.966411619999999694e+00
5.827366210000000102e+00
5.902459959999999839e+00
5.660875980000000141e+00
6.449580079999999604e+00
8.894539790000000057e-01
5.864487299999999514e+00
5.486391600000000146e+00
5.949608399999999797e+00
4.537680660000000366e+00
5.800583980000000750e+00
5.236456539999999826e+00
5.631382320000000163e+00
9.515806270000001232e-01
5.721001949999999781e+00
5.752418950000000031e+00
5.599769529999999662e+00
