0.000000000000000000e+00 1.000000000000000000e-08
2.000000000000000042e-03 1.770945000000000033e-06
4.000000000000000083e-03 2.059277999999999903e-05
6.000000000000000125e-03 1.736297000000000090e-04
8.000000000000000167e-03 1.125804999999999905e-03
1.000000000000000021e-02 5.660270999999999705e-03
1.200000000000000025e-02 2.219198000000000004e-02
1.400000000000000029e-02 6.834228000000000525e-02
1.600000000000000033e-02 1.670076000000000060e-01
1.800000000000000211e-02 3.285702999999999818e-01
2.000000000000000042e-02 5.312168000000000445e-01
2.199999999999999872e-02 7.259208000000000327e-01
2.400000000000000050e-02 8.692208000000000157e-01
2.600000000000000228e-02 9.500056999999999530e-01
2.800000000000000058e-02 9.848864999999999981e-01
2.999999999999999889e-02 9.964197999999999666e-01
3.200000000000000067e-02 9.993398000000000003e-01
3.400000000000000244e-02 9.999055999999999500e-01
3.600000000000000422e-02 9.999896000000000340e-01
3.799999999999999906e-02 9.999991000000000296e-01
4.000000000000000083e-02 9.999999000000000526e-01
20.0	1