0.167503193
2.11E-02
6.22E-02
0.11982169
0.166291952
4.14E-02
2.25E-02
0.124613397
5.06E-02
3.06E-02
2.65E-02
6.15E-02
0.507475197
0.19172506
0.447504461
2.58E-02
8.90E-02
2.11E-02
2.06E-02
0.292749137
0.102931857
2.28E-02
2.05E-02
2.53E-02
0.200732842
0.320645183
0.113433272
4.19E-02
0.140370563
0.19366993
0.298484445
1.99E-02
0.291097611
3.44E-02
5.56E-02
7.94E-02
0.297040522
2.97E-02
0.241118982
2.09E-02
4.10E-02
5.71E-02
9.35E-02
3.32E-02
0.239544243
6.25E-02
0.202755481
2.07E-02
0.442363203
0.159302056
0.246843323
3.21E-02
3.32E-02
2.05E-02
2.08E-02
2.00E-02
4.93E-02
0.253317833
3.87E-02
6.73E-02
9.67E-02
0.316351771
6.14E-02
2.17E-02
7.60E-02
2.51E-02
2.21E-02
2.60E-02
0.150958627
2.25E-02
4.88E-02
3.66E-02
8.45E-02
4.00E-02
2.20E-02
5.37E-02
8.13E-02
3.84E-02
5.60E-02
3.48E-02
3.88E-02
9.32E-02
2.10E-02
0.273639411
7.24E-02
0.579102695
0.113687553
3.85E-02
2.49E-02
3.14E-02
1.98E-02
0.26251629
5.75E-02
7.98E-02
2.46E-02
0.479866773
0.44555226
8.39E-02
0.184498444
0.17563507
3.03E-02
9.62E-02
2.21E-02
4.57E-02
0.167855024
2.89E-02
0.389410168
2.82E-02
3.21E-02
3.73E-02
2.18E-02
2.01E-02
4.69E-02
3.84E-02
6.89E-02
6.06E-02
0.102782391
3.84E-02
0.189875379
2.95E-02
2.38E-02
6.75E-02
0.173337936
6.88E-02
1.99E-02
4.22E-02
7.24E-02
5.06E-02
4.05E-02
2.23E-02
2.02E-02
0.278878778
7.19E-02
0.196222261
2.37E-02
0.190236926
1.97E-02
8.99E-02
0.145999581
0.383060217
0.128229961
4.11E-02
7.90E-02
9.01E-02
0.169367388
8.26E-02
0.102153525
0.32837674
2.40E-02
7.06E-02
0.323053211
0.328826189
7.23E-02
5.86E-02
1.98E-02
0.360952765
0.21829617
6.50E-02
5.04E-02
0.113845669
6.14E-02
0.251267493
2.05E-02
6.05E-02
2.68E-02
2.26E-02
2.11E-02
5.26E-02
9.98E-02
0.112149708
6.31E-02
4.30E-02
0.362608701
0.26703319
3.04E-02
3.37E-02
0.447966874
9.97E-02
8.60E-02
0.129211858
2.16E-02
3.04E-02
6.40E-02
2.08E-02
0.137965485
2.21E-02
2.22E-02
4.41E-02
3.86E-02
0.407090932
2.81E-02
2.04E-02
0.151992902
0.231247321
4.52E-02
0.547647774
5.11E-02
2.42E-02
5.68E-02
3.45E-02
2.47E-02
3.70E-02
0.271835595
4.79E-02
4.19E-02
4.77E-02
8.88E-02
4.09E-02
3.92E-02
0.230886698
0.136524826
2.42E-02
7.38E-02
5.09E-02
1.97E-02
2.11E-02
4.82E-02
0.579723477
4.69E-02
2.00E-02
2.02E-02
2.98E-02
4.15E-02
1.99E-02
0.21303606
2.10E-02
0.171182141
3.08E-02
2.22E-02
1.99E-02
2.03E-02
0.131163567
2.01E-02
2.00E-02
0.420800984
2.88E-02
0.127610922
0.506481767
0.188372776
4.83E-02
3.74E-02
3.07E-02
6.65E-02
2.03E-02
2.02E-02
2.04E-02
2.55E-02
5.17E-02
4.82E-02
5.30E-02
2.61E-02
2.46E-02
2.41E-02
8.94E-02
4.86E-02
0.157015905
0.236593172
4.05E-02
0.160549209
3.52E-02
9.79E-02
8.13E-02
0.123784401
0.136500061
2.72E-02
2.10E-02
5.85E-02
0.335582405
9.53E-02
4.90E-02
6.82E-02
9.14E-02
0.370366812
0.101762868
3.84E-02
4.76E-02
2.38E-02
2.35E-02
2.42E-02
4.78E-02
0.178373337
2.97E-02
2.54E-02
5.79E-02
7.40E-02
0.142956108
5.30E-02
3.73E-02
4.14E-02
0.193397179
0.143602908
3.14E-02
5.97E-02
3.11E-02
4.36E-02
5.95E-02
2.25E-02
0.410881013
2.05E-02
0.141327217
1.98E-02
6.57E-02
2.24E-02
2.22E-02
2.09E-02
0.107230671
2.98E-02
0.11217548
2.44E-02
4.65E-02
2.13E-02
0.234067157
0.218864739
0.438364923
1.98E-02
0.262022346
2.80E-02
3.46E-02
0.138734937
0.284771025
2.02E-02
6.79E-02
4.64E-02
2.50E-02
2.28E-02
0.114671335
6.61E-02
0.118593879
0.334521413
0.376411647
3.25E-02
2.81E-02
0.128569126
0.169962958
2.17E-02
3.87E-02
2.02E-02
0.168349102
7.52E-02
4.54E-02
2.58E-02
0.169085428
2.92E-02
2.32E-02
0.363727361
2.00E-02
0.112658769
0.299479008
2.00E-02
9.93E-02
0.12340603
2.01E-02
2.91E-02
0.147457793
9.16E-02
1.98E-02
2.62E-02
2.03E-02
5.13E-02
2.18E-02
4.16E-02
3.23E-02
3.62E-02
5.07E-02
3.07E-02
0.120230526
8.18E-02
0.492031723
0.142195359
1.99E-02
2.50E-02
3.41E-02
2.48E-02
8.65E-02
6.05E-02
3.95E-02
0.303966612
2.04E-02
2.10E-02
2.16E-02
0.379861534
2.76E-02
0.138891414
0.121121623
3.72E-02
0.143102124
0.192671359
0.190277264
0.453496218
3.00E-02
2.16E-02
5.03E-02
9.14E-02
0.164689809
8.63E-02
7.36E-02
6.92E-02
4.80E-02
0.144938886
2.66E-02
7.99E-02
0.437882066
0.10028071
7.16E-02
2.02E-02
0.29550311
2.80E-02
0.155148029
4.46E-02
6.93E-02
2.42E-02
5.15E-02
0.2654998
2.10E-02
4.64E-02
1.98E-02
0.472652644
1.99E-02
8.09E-02
4.55E-02
7.48E-02
3.34E-02
5.96E-02
5.18E-02
0.184102342
2.26E-02
5.08E-02
0.337467253
1.97E-02
3.92E-02
2.47E-02
0.246319816
2.29E-02
2.07E-02
2.13E-02
0.151421472
4.17E-02
0.117192179
6.48E-02
2.00E-02
7.79E-02
0.321941346
2.76E-02
3.73E-02
2.17E-02
6.30E-02
0.179944187
2.00E-02
6.38E-02
8.44E-02
0.303685904
2.85E-02
4.15E-02
2.85E-02
2.11E-02
2.14E-02
0.232849538
7.64E-02
2.47E-02
7.36E-02
2.90E-02
2.05E-02
2.17E-02
2.24E-02
0.173201382
5.45E-02
3.02E-02
3.54E-02
0.12482278
0.521629453
2.05E-02
2.29E-02
0.529267132
0.117367707
0.188885286
4.65E-02
2.01E-02
0.361565977
3.55E-02
2.07E-02
0.280543327
2.25E-02
3.20E-02
4.35E-02
0.119826764
3.72E-02
0.509127021
7.94E-02
0.442951679
0.480335355
2.06E-02
6.07E-02
0.158426419
7.15E-02
6.40E-02
0.113459483
0.387536287
0.103359953
5.56E-02
3.89E-02
2.12E-02
0.387405783
0.312792808
3.93E-02
0.107320264
0.316981822
0.350296497
2.69E-02
5.40E-02
0.378513485
0.367866606
6.86028369
5.92650879
4.3335918
5.98442285
5.86235498
5.73813965
5.83197705
5.91398584
4.27874951
5.96118799
5.57148096
5.91235303
0.791569885
5.72059131
5.89943701
5.96142285
4.54986572
4.71235742
6.00785547
6.03956201
11.3168057
6.35465234
5.94964502
6.60183496
3.86752319
3.12414673
6.550229
6.00142432
5.95961035
4.63154785
6.66657129
6.04295215
5.47715088
5.73232812
5.74444678
5.87929541
5.79556641
5.9319541
6.45114307
6.34234961
6.55836523
5.9824126
5.99897314
6.18047949
5.8618501
4.98410742
5.91999902
5.84072119
5.98800879
5.83471484
5.83972803
5.96459473
4.99619727
5.84347705
6.5973252
5.86260791
5.88936328
5.04661816
4.57837109
6.46640625
5.89904199
5.90564453
6.72986279
6.7409375
6.13338623
5.99743213
6.13002881
6.50616895
6.05437695
6.61925928
5.88353711
6.52641895
6.28687158
5.36729541
5.66344336
5.82426416
5.42318018
6.00450439
6.72067822
5.96006494
6.28317822
1.18225842
6.13037451
6.13782373
5.96505029
5.93309521
5.932021
6.48784961
6.15235889
6.11066553
4.62102197
6.11708008
6.76039551
5.96696338
5.83283984
5.95205762
6.57532861
4.96042041
5.73579346
5.84235547
11.1238555
5.91818018
5.89987207
5.88929883
5.78662256
5.78389844
6.04805762
4.79313281
6.51648438
4.20285693
6.09481738
6.15696094
1.08960657
5.80008301
5.74186719
5.57943213
5.81934473
6.17222803
6.2274751
6.11240869
8.00123096
5.94916846
1.80940796
5.80080078
5.74555957
5.91057666
5.55501123
5.9338877
5.87807373
4.19366162
4.64895703
6.09411377
6.22933838
5.75939453
5.96843506
6.10997803
5.3985
5.23648047
5.97569043
4.80501562
6.08149951
5.92076709
5.81743311
4.21128809
4.89896436
5.93409326
1.51451294
5.11637354
11.2701328
5.88301807
5.49144043
5.70964746
5.87544189
5.6848252
5.83143115
5.81907715
5.80208252
6.22012256
5.75939258
5.88631396
5.71769922
4.51267676
5.92817188
5.94844824
5.99559521
4.65587061
5.89958838
6.07519092
5.51293652
11.2248086
5.78363965
6.09016455
5.88742334
5.71240869
5.67312793
5.91369629
6.14049609
5.94402051
5.84367285
4.9121582
6.33223633
5.36254541
6.47543213
2.54122339
11.4902344
5.77536621
5.53871338
5.99193213
1.561896
0.942294006
5.90850537
6.47965381
5.91974805
6.02169531
5.55309766
5.87314746
3.05899829
5.87335938
6.36774219
6.50431982
5.15994238
6.09922412
5.81751025
5.86556396
5.77016797
5.52149121
5.47987305
6.42865137
7.23321729
5.8755708
6.42635986
5.55678662
5.67426367
5.653875
5.57828027
7.73659082
6.13036768
5.56335059
3.87266357
5.67958984
5.99640283
6.01665527
6.64279443
0.670575623
5.94618311
5.88713721
5.75683496
5.84976855
5.7315752
5.44418408
8.6394873
5.74333789
6.52257764
5.93884766
5.93333691
5.9647373
6.69374902
5.87093994
5.10357715
6.17953271
5.89358545
5.90632861
5.39957861
5.67303809
4.33866797
5.94222461
6.07662793
6.15255908
6.07489355
6.027604
5.89401562
5.87547559
5.42430029
5.79216797
5.83065723
5.71264697
5.84391162
5.83127539
5.89392139
6.51438428
5.89366162
5.84924512
5.69925439
5.82079736
5.76173682
5.28169385
6.63620459
2.25752612
5.88832031
10.9267109
5.87730811
5.84683643
6.00006885
5.81944189
6.53242236
5.84462207
5.87721436
6.32660352
11.7777373
5.86524512
5.82758545
5.6968125
5.75672754
5.52600977
5.2199751
6.16091162
5.44292969
6.19073242
5.8985459
6.05063916
6.33375146
5.86312988
6.19767529
5.71102734
5.91491895
5.85620703
4.63070654
5.92563135
4.22445801
5.90510107
5.2590957
5.80135889
6.40008984
5.75287158
1.01614862
5.31625928
11.5772871
8.20807617
5.70469629
5.97755322
6.41081787
5.02845166
5.98124316
6.06627197
6.1965415
6.0274126
6.38800293
5.80221924
6.04788916
5.77107373
6.50862695
5.86516016
5.92088721
5.98049756
5.94095459
6.03743945
10.7536904
6.0061084
5.98605322
5.87107227
5.4725
5.38040527
0.716689636
5.9811582
6.06173828
6.29510645
6.2041543
6.00331299
5.90756641
5.77604883
5.37836084
5.68782178
5.69901465
5.87347998
5.30525781
6.00996191
5.85797314
6.00573438
5.88477881
5.98544092
6.01077734
5.86356396
5.91734473
5.71832764
5.79344922
6.35596436
5.47632324
4.12670752
5.91000146
1.54363147
5.85572461
5.73621045
5.73878955
5.92028613
5.03152197
5.91367871
5.88174756
5.99154297
5.69066162
6.05125586
6.51425879
6.0877876
5.85381689
5.5327583
6.52463721
5.96668555
3.89365283
5.18434766
5.94845361
7.55902148
5.76446484
6.12293799
5.60395654
5.54261768
5.36636328
5.88193994
5.70305469
6.06909229
5.52669043
5.97689551
5.74537988
5.46752344
4.89177295
6.0932876
6.01401465
6.32310938
6.07574707
6.13815479
5.92975732
6.11079199
6.25105762
1.4190813
5.81058643
5.96004248
9.17084277
5.82002637
5.98881006
5.60848389
5.66341162
5.82553223
4.28642139
4.97919873
5.45713916
5.84639502
5.67268408
5.62198633
5.64762109
5.77960645
5.84974854
5.54721484
5.9010542
6.68288281
5.71832812
0.706495972
11.3606758
5.82789502
5.91563232
5.63570752
5.77078271
5.70946631
5.64325195
5.97559619
8.22997656
6.04147754
5.97862988
5.92077002
5.68629297
5.62150879
5.92760645
10.5467754
5.99813721
6.21409912
5.8611499
5.93317871
5.22725488
5.90738867
5.6742002
5.78477881
5.83266602
6.59755176
6.01148633
0.687034729
5.61886328
5.75164893
6.12070459
2.28309595
5.50628271
5.64191553
5.80504248
11.7754062
6.16888428
5.67709814
5.79028174
6.360396
5.93539746
5.70714453
4.38689307
5.96433545
2.50699634
5.79301465
4.59610742
5.53120166
5.75785107
5.90726025
5.72431641
5.46802637
5.92032031
0.742902283
6.65042529
4.58182178
6.02628271
5.97560742
5.79870361
6.01007324
5.97570068
6.00902881
5.75351611
5.74928955
5.88631396
5.72585254
6.04758984
5.95192529
5.91699414
5.99601953
5.89777051
4.54368213
4.44737988
6.05626807
6.00979297
5.69183643
5.96037598
5.78243701
6.61710449
6.37879785
5.27729199
5.72253271
5.85225
5.93784814
6.22515039
5.81220264
5.81647852
6.01782715
5.97560059
6.02008154
8.91666016
5.79272852
6.28107422
5.42130225
6.34185498
5.52961719
5.14567432
6.57413867
5.9308623
5.95884277
6.1054668
5.9414668
5.71089502
5.49969287
5.97125
6.46083301
5.84706006
5.8867002
5.77805371
5.92846436
4.47072803
6.09998438
6.09553076
5.89081055
5.74394922
6.0988623
5.9337373
6.19115186
6.18321289
6.1622168
4.77029443
4.70443848
6.50729395
6.01200781
6.07117139
5.07443945
4.66766406
4.38430811
6.10043457
0.660518982
4.69201025
5.50381104
5.85313672
5.82369727
2.33474463
5.85154297
5.9085376
4.7683335
6.27558984
4.83039258
5.78717627
1.54713403
5.74246826
6.0803833
6.09502051
6.17468262
6.18430273
6.0630166
5.84272021
5.91274463
5.60823926
6.00039502
1.11454785
5.8864834
5.87066553
5.98012451
5.99998926
6.00569531
5.63129199
5.22152832
4.62505664
5.98133301
5.87486963
5.96430908
6.07923291
5.86950342
5.79242285
3.57068262
5.76992529
5.66402637
5.88637158
5.11606641
5.76983789
4.89488135
4.78111572
5.93013281
5.58607715
5.67535352
5.84388086
5.59733398
6.04619922
6.45425781
5.79522607
5.39030225
5.97107471
5.77939355
5.89173828
5.7735957
5.59291016
1.79170801
2.60198926
5.28037451
5.31525098
5.93714111
5.52751953
5.74868457
5.87681201
6.70187402
5.8223623
6.22105762
5.71886768
5.47540918
6.55350977
5.69965869
5.61831201
5.73153076
5.88115381
5.87838672
5.23811865
6.60888086
5.66014795
8.53433594
6.10059668
6.03960254
6.6874082
6.03394629
5.8361499
5.96389795
0.87689386
5.87174707
5.81046289
6.32323877
5.58450537
5.89938477
5.56791211
6.18014648
7.5688501
5.90406055
5.74779443
5.84436719
5.72932275
5.48887402
5.1753335
0.90278241
5.64363477
5.76423291
5.97008301
5.80868213
5.90119873
5.90277637
5.28790869
5.71932129
6.12015918
5.92255762
6.0348291
10.9899736
6.09841504
6.1618457
5.7010791
5.37455518
5.96271338
5.78330176
5.70611865
5.40336328
5.28850293
0.635463379
5.82553662
5.89222754
5.873146
5.74599414
5.53909229
4.32367529
4.99445215
11.8535254
5.82130518
5.51339697
5.70178955
6.28375879
5.78835938
5.82356006
3.55827319
5.65075195
5.49411475
9.47289746
6.14267969
6.02026855
5.73262646
5.71715137
0.886671753
5.70398486
5.89044531
5.93853467
5.87247705
5.8510249
6.52335107
8.7138457
6.46248975
6.43087012
5.97661133
5.67853809
0.911070068
5.23056592
5.22223096
5.38617676
5.68723779
5.79703174
5.70904004
5.98954541
4.99494385
5.51828711
5.86305762
5.88497412
5.87445557
5.71983789
5.33291016
5.80059277
4.61421045
5.73001074
11.9848213
5.97213672
5.78344336
5.25520801
5.08224707
5.99915479
5.95353857
5.66061133
6.53961572
5.38221436
0.820925537
6.41897266
5.3299043
5.79871143
5.69843799
5.94042432
11.795875
6.34176562
5.90917822
5.90592383
5.84511914
5.85609814
5.86598584
5.86858691
2.06843994
5.95207373
6.48507812
5.88797266
5.88659766
5.92063232
6.10347803
5.94741553
6.5851416
5.80349707
5.74254736
5.88893408
5.98316553
6.01677344
5.77481543
4.91279883
5.83512842
5.95635352
5.59007861
5.80663477
5.95530225
5.75895117
4.86513184
5.44856152
5.59136182
6.29383887
5.6261626
5.58566357
4.79146973
1.66432263
1.47411267
5.13753418
5.79382373
5.58673535
5.86892041
6.00012744
5.89113867
10.2283613
5.68618359
5.66189258
4.98210742
5.81684473
5.71484521
5.74451562
5.78112598
6.08566016
6.22524854
6.14098682
4.63854102
6.53294482
6.22074951
5.45216943
8.13900928
5.87171387
6.46155615
5.88193701
6.22832812
6.26104639
6.09858984
4.60955225
5.41538867
7.51420508
6.03736377
1.45119226
6.11854541
5.9824165
5.9290166
5.94577734
5.86856885
5.56375928
5.85135205
5.84973926
6.37781445
5.85875684
5.97326514
5.9148374
5.77173096
3.89126221
5.90132959
5.85327393
5.80216797
5.58136768
5.26642969
11.3864639
5.77668945
5.9142998
5.85147461
5.56676123
5.8731748
5.89479736
6.45273926
6.06221143
5.66117969
5.84496973
5.59143799
5.69674268
5.77956055
5.51420508
5.43153711
5.67796094
5.51314697
5.83963281
5.57449121
6.08708594
5.37513916
5.89820557
5.90760645
4.07356616
5.98621973
5.65492676
6.04457031
5.59087109
5.0268125
5.84575146
5.37909668
5.15151611
5.61346094
6.5774292
5.90675391
5.77348926
6.13348877
6.0156582
6.15377637
6.12170068
4.45836328
4.8216499
4.79481641
5.4255918
5.65884131
5.87736523
8.49326465
5.95008057
5.77072412
6.01243408
5.91248486
5.89541602
5.72543457
4.66670166
4.5909165
11.7090088
5.87067969
5.95808496
2.86806006
6.01062598
0.754334778
5.90521387
5.90512109
6.04265869
5.92452783
5.9245957
5.8659834
4.87675342
5.69736426
6.2701582
5.85432568
10.4176807
4.11391064
4.73041016
6.25504492
5.83539893
6.19506152
6.06581787
6.06514893
6.06439062
5.985771
6.0341582
5.79638721
5.70595361
6.34961865
6.0010376
5.78556104
5.85080029
6.64218018
5.44309766
5.55497705
5.86584131
5.93266016
5.81686133
1.38276965
1.18479944
5.79846436
6.00772949
5.7754873
5.94601807
5.82173438
5.96423438
5.48202881
5.84475977
5.90197021
3.7432981
5.64093115
5.77692578
5.90152246
6.1596582
5.66251855
5.86192334
5.77781201
11.2331904
1.00456738
6.49695166
6.06917578
5.905729
5.46861768
6.01832275
5.92411523
3.80844556
4.60081738
6.01605566
5.55714111
6.1245708
5.6089126
6.16661621
6.0887583
6.26327197
5.79942236
6.15695898
6.0806167
1.13095447
6.18103906
5.8358501
6.02662793
6.09841357
3.28172949
5.50689307
6.06380664
5.46086279
5.57509619
6.12896484
6.32559033
6.30355273
5.67214648
6.16519385
6.14208936
6.00262793
5.87140039
5.8622876
5.47463818
5.82544336
6.03560303
0.968758667
6.14612988
5.72438916
6.63344971
5.93233105
8.7226543
5.91806104
5.93649316
6.03897217
6.02116064
5.94987744
6.21413916
6.07983643
5.77063525
5.91706006
5.88481445
6.0441084
5.76716992
5.81222217
6.60650342
5.95670557
5.55890039
5.93970312
6.11185059
5.51873779
5.67625928
0.861613403
4.27024902
5.3375415
5.71813135
1.426203
5.73794043
5.6424585
5.82443359
5.82758789
5.83987109
5.87830176
5.8319917
5.76507031
5.904625
1.1162489
5.90767969
5.04712646
11.929125
6.10788281
5.91570361
5.97933789
5.8740791
5.73846387
5.84473096
0.953564758
6.51991846
5.81822363
5.9103999
6.43018213
6.38926416
5.82720947
11.8458232
5.3135083
5.65944873
6.15215088
6.23743164
5.31298535
6.12195361
5.20519043
5.47539551
5.80302148
6.21093018
5.84294434
5.78115918
6.27964941
6.06147217
6.02463135
4.42498828
5.07128857
5.76122803
5.57434229
2.22659497
6.07414551
6.05381006
4.6350752
5.69923145
5.76516406
5.73165332
8.1393501
5.97108838
5.98582178
6.07986475
6.19222754
6.17080078
5.885
5.97308154
5.92297607
5.99695361
5.62872314
5.96916602
6.46031104
5.78770215
6.48037207
5.74033496
5.94563232
5.82449121
5.98581104
6.03029004
6.01564355
5.54133691
5.90746289
5.08756006
5.26448584
5.77533203
5.87864502
6.60192236
5.75327539
6.63565479
5.94843213
5.65110205
5.88672656
4.51592529
5.87186865
6.04946729
6.73866992
5.84982666
5.6714873
5.76544287
6.62071924
5.82624854
2.12538062
6.08811865
5.86280859
5.62463916
6.00806494
4.97332715
5.83366748
5.94278223
7.37463672
5.9102041
5.77630859
5.90586426
5.95290039
6.03876953
5.26556934
6.3993999
6.15425342
5.36423486
9.97287891
5.66249902
5.72166016
5.8773584
5.98397705
5.89800293
5.68359766
5.37157129
5.96745068
5.50909131
5.66962158
5.98746631
5.33108838
6.03757275
1.70724329
5.70061035
5.96507812
5.42357324
8.04412402
5.92834619
5.79355127
11.919374
5.95519629
4.71139648
6.06447852
6.10215869
5.84969531
5.89574365
8.60679004
5.98517676
1.79403027
6.39516211
5.95582031
6.52921875
6.21280713
5.86151758
5.9626084
5.89964014
5.91050537
5.59752295
5.47884521
5.78999023
5.90018457
5.82513477
3.62642944
5.19504688
6.54619531
5.46335889
5.80011475
6.09119482
5.97538818
6.00878564
6.06833057
7.02996924
11.0370859
6.12128809
10.1797236
6.00877344
6.58077832
5.10099854
5.53670166
5.71547656
5.71262305
5.45475635
5.90333301
5.68470361
5.83183691
6.17326367
6.05705859
0.866195679
5.97771582
5.9074541
5.79802686
3.98994946
5.79919971
5.9456543
5.76101221
5.91989844
5.1799082
5.89337061
6.08921973
6.08523535
5.60181348
6.06023828
6.12975
5.43795605
5.77182471
6.63215234
5.86071143
5.93031299
5.84810449
6.02068555
5.52407422
4.54441748
5.86787842
6.04175977
6.02335596
5.80893555
6.08349756
6.2322085
6.02042285
5.80372852
4.65361572
5.93236914
5.80544336
6.48467529
4.96507861
5.37162451
5.72218115
5.75322705
5.72115088
5.89782861
5.38288867
1.93123169
6.18555469
5.92275537
5.9255293
6.08333252
5.76992969
5.70175586
5.92187207
6.16019531
6.5708418
5.85978223
5.89312695
6.00598438
5.87096777
6.03436426
5.72296729
9.47098828
5.98522803
9.69180176
5.73151758
4.68517676
5.91071875
5.7744834
6.00953711
6.47194922
5.50702441
6.09213867
5.42653564
5.76275781
5.39365137
5.8561792
10.644499
5.51970605
5.6025415
5.90536768
5.80460645
5.70453711
6.23567773
6.05589404
5.84942871
6.01336182
6.0951665
5.70134277
8.10241895
5.64700293
6.05620947
5.68014307
5.85441064
1.5223385
5.82294727
5.71836914
6.10707422
5.66665088
5.88963525
5.83732959
6.41662646
6.06208643
11.6953086
5.48253369
5.89026123
5.78347803
6.40868457
0.931093018
5.61835645
5.77956738
6.24572021
5.84387256
4.48263379
5.92019971
6.18050049
5.59881006
5.94446387
5.41349805
5.63690332
6.32554639
5.55626562
5.9511582
5.92320117
4.69615332
1.70319214
5.91293506
5.80829736
6.5985752
4.62316992
5.33260449
11.9375537
4.67804297
5.72011572
4.61985498
5.99086865
6.07362012
5.52045898
5.34518164
5.53006104
6.16424609
1.68931799
5.39649268
5.83432031
5.94011523
6.05398486
5.729229
6.00614062
6.69146582
6.158771
5.66798926
5.90316992
6.0121958
5.62974561
5.81471338
9.50897656
6.02036377
6.06612891
5.49237451
6.05288916
10.263208
1.275104
6.01808496
6.56365918
6.48042773
11.2945059
5.9341709
6.53439648
5.96149756
5.17174072
11.3655146
4.73132861
5.963354
4.1178374
4.71453516
5.19017529
5.73010645
5.99921338
6.52406982
5.74394092
6.16431445
3.61789062
5.83180127
4.8261626
6.17563818
6.2785918
5.79985107
5.83851123
5.93940967
6.81718066
6.16656396
6.15222559
6.19068018
5.08454346
6.75658008
5.85301074
6.00948975
5.25390479
5.06927148
1.40254858
1.21787109
4.98495264
5.33973047
6.10164697
5.99995264
6.54894238
6.32703076
6.03588818
5.75564209
5.87859229
5.98926074
6.10772705
5.67198633
6.04463379
5.67242188
4.45943555
6.02045361
5.48340332
5.64705518
6.13963623
6.20859668
5.46989893
5.98022949
5.90084766
5.8828999
8.10966504
5.73988525
5.72129102
11.0021631
6.11303613
5.63745898
5.94793066
6.04769238
5.65021729
6.01138965
6.5521333
5.97264111
5.98094971
11.3252783
5.34052783
6.75819824
0.722434143
4.75735498
5.99477686
4.60960303
5.60363525
5.05864014
5.25230811
5.42244238
5.83353857
6.08767432
0.995180237
6.08973291
5.92306055
5.89959814
5.7878584
4.92480908
5.40858301
5.74269141
5.90458057
5.89453516
5.95129932
6.15163916
5.84825439
5.87543506
6.39809326
5.98022656
6.18228906
6.54559912
6.0000083
5.35701221
5.65509082
6.05918115
5.71497559
5.91663525
6.71709424
10.7238975
5.75072803
6.08570264
6.11196484
5.89523828
5.94517725
6.13624561
6.28869922
5.94226855
6.38753223
5.69250195
5.52476562
5.72676221
5.41123877
5.58416797
11.8369062
5.38782812
5.80612939
8.33104785
0.839258118
5.84657666
6.01631836
5.61507324
5.56805127
6.38120947
6.11779883
6.0811084
5.8308877
5.82698096
6.06910254
5.90949219
5.85072461
5.83040576
5.9114834
5.98925732
1.35428076
5.87790771
1.1026001
5.96058691
5.80154639
5.9534707
5.53735449
5.97537793
5.72505664
5.95449707
5.53929688
5.67209717
1.10115088
6.42594189
5.66429395
5.92488184
5.56034473
5.79269824
5.91418262
5.90606104
6.05678857
1.27940137
6.00940723
6.33540918
5.21504004
1.27468726
5.63791309
2.96927368
6.5308418
6.37675879
5.84817188
4.98205908
4.20142676
4.29120264
5.80000879
5.87099756
5.918021
5.91789453
1.70102124
6.08029199
0.88778241
6.01037305
1.47399951
4.88012109
5.89441504
5.90999854
5.64062158
7.60192432
6.44741602
5.59412109
5.84940088
5.95676172
5.93218701
6.36637646
5.91248682
2.04663892
5.95287695
5.92138867
6.27736133
5.42474219
6.09702783
5.85880127
4.34238135
5.87442139
11.8333076
6.0552915
11.8213262
6.2576665
5.76718848
5.95330713
4.40153955
4.43155273
4.35568408
5.1870957
5.62443799
5.88740625
4.71668262
4.84709375
4.89200586
5.70243555
10.6679756
11.70675
6.22561035
5.81867969
5.95321045
5.7155625
5.86597021
3.0170835
5.8861377
5.94931055
6.47764893
6.01748584
1.15327405
6.06412695
5.93360791
5.90235449
5.77540479
6.03378271
10.2838945
5.84390137
6.08636865
5.8838291
5.96536182
5.35761279
5.98766113
5.87860742
5.84658984
5.81941162
4.85464209
5.76942383
5.58325928
5.7874458
5.66919141
5.8536665
5.7757915
4.80865186
5.91051318
6.00076611
5.97734619
5.87365576
6.07026904
6.6805127
6.50399951
6.15391602
11.6758486
6.04043701
6.5687666
6.36797314
6.02773975
5.6905376
4.97035889
5.48853564
5.88527002
4.55427148
5.85550049
5.86719238
5.64909326
5.91467383
5.88172021
5.75337988
0.935029785
5.70359229
5.92663525
5.86191357
5.84720508
5.48969775
10.7476631
5.88810059
5.66781592
5.23511768
5.8671416
7.99850439
6.07435303
5.80483594
5.82639404
6.09152441
11.9991816
4.21635303
5.8148042
5.71967529
5.70875977
5.92664453
5.87003857
2.45318506
5.97376318
1.19852539
5.60859863
4.40272412
5.23660303
5.79807568
5.9999082
1.55628345
5.78363037
1.06134607
5.75366162
5.8462417
9.08231934
5.76506641
5.44717285
6.11472705
5.95669287
6.01456543
6.17487988
6.69236084
5.93384033
11.0776406
5.71349268
5.917625
5.99795361
6.10105811
5.95334082
6.36249512
5.72500293
5.75781836
5.90033643
5.91222754
6.07612061
5.99497656
9.48501074
5.95228369
0.80056073
5.91884277
5.59545508
6.00720898
5.74960645
5.79907812
5.35054443
5.84518311
5.53718701
5.87834326
1.21313684
5.50062402
5.76352393
5.58597119
8.58825293
5.94711719
5.89330615
6.05191113
5.22675879
5.57251074
6.12486719
6.02121729
5.99280469
5.97204346
5.80383203
5.47437109
5.8070835
6.55708252
5.86847217
6.0315376
5.92012695
10.3013779
5.71966162
5.00083936
4.47834912
6.43574609
5.93297266
5.6204707
5.92640869
7.59204541
5.65083252
11.3493447
10.5675879
7.42692969
5.93286426
5.80871338
6.05244482
5.72230371
5.04778125
5.95932031
5.30789404
5.51249805
5.46561523
5.91171631
6.30793506
5.94260986
5.7733291
5.79766992
5.88887305
5.96117432
5.96420312
5.8028584
6.05156641
5.80949756
5.50957568
6.20410791
5.62462939
5.89416992
5.98958398
6.05752881
5.75657227
8.87554688
0.802287537
6.03446582
6.02539111
6.10718164
6.57500293
6.0048291
5.79817383
6.02784424
10.154207
5.43306982
5.95373779
6.03194238
5.84207812
5.12498047
5.85059912
5.46555859
5.51761523
5.91673291
5.69808105
5.54273682
11.7460361
5.83868506
5.97958301
5.70099512
5.97785596
5.99836914
5.91979785
5.60113428
11.19554
5.87306543
5.75119873
5.61903857
5.70543701
5.7819585
6.1571084
6.90589697
5.16726172
5.25353711
5.82918311
5.74912207
9.4730791
5.85871191
5.83199951
7.64930762
6.22143604
5.82746973
5.99304102
6.02697998
5.91357568
6.28505371
6.13894824
5.98819922
5.98557422
6.078479
6.03537939
5.77895264
5.92803418
1.23857068
5.79112891
5.70175439
5.84157275
5.31266406
5.64098242
5.50078955
5.56230225
5.92149512
5.61560596
4.76482666
4.68143848
5.02081543
5.09076514
5.71848145
5.89167676
5.71168848
5.95785547
5.7914834
5.94692041
5.33298486
6.60341113
5.74751904
5.97743457
6.03783643
6.08832715
6.08112207
5.97125586
5.91838867
6.21175146
6.22941113
5.30259961
5.96600635
6.07027344
5.85684961
5.90517188
5.62473584
2.33524609
5.24274316
6.19111816
5.99537939
6.45578076
5.70336475
5.84150781
5.32346777
5.82147998
5.67451709
5.77505615
9.88525195
5.7992915
6.15478711
5.94361426
5.74241895
5.56423682
5.8130835
5.68704395
5.49264502
5.63586328
5.6830625
5.84083643
5.58066992
6.01253906
5.65194727
5.55314502
5.33537402
5.83583545
4.67889844
5.97753857
5.97465039
6.10464111
11.5999004
6.0616582
6.206146
5.96516064
6.09752344
4.47801807
5.61063672
5.87149512
6.03074365
6.09549121
5.99271436
6.17802588
5.84381396
5.82553223
5.76748682
0.710663879
6.07906934
5.82929199
5.99574609
6.01959766
6.10136621
5.66421973
6.15672949
6.19851807
4.9693208
4.28126709
5.4457373
5.90015332
4.85230566
5.66090186
2.43612891
4.44859863
5.7704126
6.70357422
1.68621997
6.02441211
6.13114258
4.59208545
5.93429297
4.42112109
5.4106333
5.63411035
5.4267417
5.22624121
5.94030859
5.05143652
5.82705908
5.76573438
3.77403979
1.88287402
5.75525977
5.88671436
5.85263721
6.19230273
5.9955166
5.74928857
7.38405762
7.56952295
5.93238672
5.80996143
5.72377979
5.84403906
5.73732715
5.6957041
5.75446533
5.95088672
5.20768506
5.87621045
5.90496143
5.99025049
5.93142529
6.06074268
5.78786572
5.91450146
5.87573779
5.66917139
5.80164893
5.26333105
5.84835498
5.55983203
5.87469922
5.84449414
3.59738135
5.85870215
5.91714404
5.84181592
6.6020166
5.95154443
5.7697041
5.85972949
1.26581714
5.93523682
5.03277246
2.85273633
5.51204639
5.34371289
5.81520996
6.01977539
6.08118848
0.614556946
5.0818584
6.07388965
6.63423486
6.09515869
6.0986709
6.70928662
5.92564014
5.98075098
6.07588037
5.8672749
5.92243359
5.92510156
5.56527002
1.6084165
5.99304541
6.01250928
6.58299023
6.04496631
5.96389258
4.19484766
5.68182129
5.70291357
5.85354639
5.68994141
5.72144092
5.99405762
5.87962256
5.91555713
5.95425244
5.90272363
5.73366309
5.98388818
5.78338135
5.98321582
5.92230029
5.58821631
0.727597168
5.70089404
5.90234766
6.46718945
5.67285498
1.55621094
5.70496533
5.45878955
5.85329932
5.80944238
5.82905127
6.26591357
5.89406494
5.75443262
6.0187041
5.70114453
1.71963245
5.89215625
5.74536475
5.32376123
5.85616211
5.81425977
5.63634521
5.80474561
5.93622168
5.67936621
5.5900708
5.31949414
3.57451733
5.65360645
10.6886318
5.78761523
5.78226709
1.17560083
5.82858545
5.25614502
5.77816846
5.82490674
0.766124634
5.98261377
5.59856152
5.82857861
5.83793994
5.93430811
5.89061768
5.83335107
6.0205874
5.92375342
5.96188086
6.08675781
5.86709961
5.72024023
6.43156885
11.3992891
4.85814795
6.02586279
5.55595215
5.81502002
5.83137207
4.71373633
4.0453374
0.93953479
5.92410889
5.64494629
5.85680273
5.78285352
6.07522412
5.92244971
5.67297314
6.7445127
5.72389111
5.52921729
5.82788232
5.74865479
0.944604004
5.16468018
5.61527441
5.94301025
5.95631201
0.775335144
3.98582471
5.68632324
5.96641162
5.82736621
5.90245996
5.66087598
6.44958008
0.889453979
5.8644873
5.4863916
5.9496084
4.53768066
5.80058398
5.23645654
5.63138232
0.951580627
5.72100195
5.75241895
5.59976953

