0.167503193
2.11E-02
6.22E-02
0.11982169
0.166291952
4.14E-02
2.25E-02
0.124613397
5.06E-02
3.06E-02
2.65E-02
6.15E-02
0.507475197
0.19172506
0.447504461
2.58E-02
8.90E-02
2.11E-02
2.06E-02
0.292749137
0.102931857
2.28E-02
2.05E-02
2.53E-02
0.200732842
0.320645183
0.113433272
4.19E-02
0.140370563
0.19366993
0.298484445
1.99E-02
0.291097611
3.44E-02
5.56E-02
7.94E-02
0.297040522
2.97E-02
0.241118982
2.09E-02
4.10E-02
5.71E-02
9.35E-02
3.32E-02
0.239544243
6.25E-02
0.202755481
2.07E-02
0.442363203
0.159302056
0.246843323
3.21E-02
3.32E-02
2.05E-02
2.08E-02
2.00E-02
4.93E-02
0.253317833
3.87E-02
6.73E-02
9.67E-02
0.316351771
6.14E-02
2.17E-02
7.60E-02
2.51E-02
2.21E-02
2.60E-02
0.150958627
2.25E-02
4.88E-02
3.66E-02
8.45E-02
4.00E-02
2.20E-02
5.37E-02
8.13E-02
3.84E-02
5.60E-02
3.48E-02
3.88E-02
9.32E-02
2.10E-02
0.273639411
7.24E-02
0.579102695
0.113687553
3.85E-02
2.49E-02
3.14E-02
1.98E-02
0.26251629
5.75E-02
7.98E-02
2.46E-02
0.479866773
0.44555226
8.39E-02
0.184498444
0.17563507
3.03E-02
9.62E-02
2.21E-02
4.57E-02
0.167855024
2.89E-02
0.389410168
2.82E-02
3.21E-02
3.73E-02
2.18E-02
2.01E-02
4.69E-02
3.84E-02
6.89E-02
6.06E-02
0.102782391
3.84E-02
0.189875379
2.95E-02
2.38E-02
6.75E-02
0.173337936
6.88E-02
1.99E-02
4.22E-02
7.24E-02
5.06E-02
4.05E-02
2.23E-02
2.02E-02
0.278878778
7.19E-02
0.196222261
2.37E-02
0.190236926
1.97E-02
8.99E-02
0.145999581
0.383060217
0.128229961
4.11E-02
7.90E-02
9.01E-02
0.169367388
8.26E-02
0.102153525
0.32837674
2.40E-02
7.06E-02
0.323053211
0.328826189
7.23E-02
5.86E-02
1.98E-02
0.360952765
0.21829617
6.50E-02
5.04E-02
0.113845669
6.14E-02
0.251267493
2.05E-02
6.05E-02
2.68E-02
2.26E-02
2.11E-02
5.26E-02
9.98E-02
0.112149708
6.31E-02
4.30E-02
0.362608701
0.26703319
3.04E-02
3.37E-02
0.447966874
9.97E-02
8.60E-02
0.129211858
2.16E-02
3.04E-02
6.40E-02
2.08E-02
0.137965485
2.21E-02
2.22E-02
4.41E-02
3.86E-02
0.407090932
2.81E-02
2.04E-02
0.151992902
0.231247321
4.52E-02
0.547647774
5.11E-02
2.42E-02
5.68E-02
3.45E-02
2.47E-02
3.70E-02
0.271835595
4.79E-02
4.19E-02
4.77E-02
8.88E-02
4.09E-02
3.92E-02
0.230886698
0.136524826
2.42E-02
7.38E-02
5.09E-02
1.97E-02
2.11E-02
4.82E-02
0.579723477
4.69E-02
2.00E-02
2.02E-02
2.98E-02
4.15E-02
1.99E-02
0.21303606
2.10E-02
0.171182141
3.08E-02
2.22E-02
1.99E-02
2.03E-02
0.131163567
2.01E-02
2.00E-02
0.420800984
2.88E-02
0.127610922
0.506481767
0.188372776
4.83E-02
3.74E-02
3.07E-02
6.65E-02
2.03E-02
2.02E-02
2.04E-02
2.55E-02
5.17E-02
4.82E-02
5.30E-02
2.61E-02
2.46E-02
2.41E-02
8.94E-02
4.86E-02
0.157015905
0.236593172
4.05E-02
0.160549209
3.52E-02
9.79E-02
8.13E-02
0.123784401
0.136500061
2.72E-02
2.10E-02
5.85E-02
0.335582405
9.53E-02
4.90E-02
6.82E-02
9.14E-02
0.370366812
0.101762868
3.84E-02
4.76E-02
2.38E-02
2.35E-02
2.42E-02
4.78E-02
0.178373337
2.97E-02
2.54E-02
5.79E-02
7.40E-02
0.142956108
5.30E-02
3.73E-02
4.14E-02
0.193397179
0.143602908
3.14E-02
5.97E-02
3.11E-02
4.36E-02
5.95E-02
2.25E-02
0.410881013
2.05E-02
0.141327217
1.98E-02
6.57E-02
2.24E-02
2.22E-02
2.09E-02
0.107230671
2.98E-02
0.11217548
2.44E-02
4.65E-02
2.13E-02
0.234067157
0.218864739
0.438364923
1.98E-02
0.262022346
2.80E-02
3.46E-02
0.138734937
0.284771025
2.02E-02
6.79E-02
4.64E-02
2.50E-02
2.28E-02
0.114671335
6.61E-02
0.118593879
0.334521413
0.376411647
3.25E-02
2.81E-02
0.128569126
0.169962958
2.17E-02
3.87E-02
2.02E-02
0.168349102
7.52E-02
4.54E-02
2.58E-02
0.169085428
2.92E-02
2.32E-02
0.363727361
2.00E-02
0.112658769
0.299479008
2.00E-02
9.93E-02
0.12340603
2.01E-02
2.91E-02
0.147457793
9.16E-02
1.98E-02
2.62E-02
2.03E-02
5.13E-02
2.18E-02
4.16E-02
3.23E-02
3.62E-02
5.07E-02
3.07E-02
0.120230526
8.18E-02
0.492031723
0.142195359
1.99E-02
2.50E-02
3.41E-02
2.48E-02
8.65E-02
6.05E-02
3.95E-02
0.303966612
2.04E-02
2.10E-02
2.16E-02
0.379861534
2.76E-02
0.138891414
0.121121623
3.72E-02
0.143102124
0.192671359
0.190277264
0.453496218
3.00E-02
2.16E-02
5.03E-02
9.14E-02
0.164689809
8.63E-02
7.36E-02
6.92E-02
4.80E-02
0.144938886
2.66E-02
7.99E-02
0.437882066
0.10028071
7.16E-02
2.02E-02
0.29550311
2.80E-02
0.155148029
4.46E-02
6.93E-02
2.42E-02
5.15E-02
0.2654998
2.10E-02
4.64E-02
1.98E-02
0.472652644
1.99E-02
8.09E-02
4.55E-02
7.48E-02
3.34E-02
5.96E-02
5.18E-02
0.184102342
2.26E-02
5.08E-02
0.337467253
1.97E-02
3.92E-02
2.47E-02
0.246319816
2.29E-02
2.07E-02
2.13E-02
0.151421472
4.17E-02
0.117192179
6.48E-02
2.00E-02
7.79E-02
0.321941346
2.76E-02
3.73E-02
2.17E-02
6.30E-02
0.179944187
2.00E-02
6.38E-02
8.44E-02
0.303685904
2.85E-02
4.15E-02
2.85E-02
2.11E-02
2.14E-02
0.232849538
7.64E-02
2.47E-02
7.36E-02
2.90E-02
2.05E-02
2.17E-02
2.24E-02
0.173201382
5.45E-02
3.02E-02
3.54E-02
0.12482278
0.521629453
2.05E-02
2.29E-02
0.529267132
0.117367707
0.188885286
4.65E-02
2.01E-02
0.361565977
3.55E-02
2.07E-02
0.280543327
2.25E-02
3.20E-02
4.35E-02
0.119826764
3.72E-02
0.509127021
7.94E-02
0.442951679
0.480335355
2.06E-02
6.07E-02
0.158426419
7.15E-02
6.40E-02
0.113459483
0.387536287
0.103359953
5.56E-02
3.89E-02
2.12E-02
0.387405783
0.312792808
3.93E-02
0.107320264
0.316981822
0.350296497
2.69E-02
5.40E-02
0.378513485
0.367866606
