0.000000000000000000e+00 3.999999999999999389e-02 2.591199606686331630e+08
3.999999999999999389e-02 8.000000000000000167e-02 4.034274476752351224e+07
8.000000000000000167e-02 1.200000000000000094e-01 6.215760640539400047e+05
1.200000000000000094e-01 1.600000000000000033e-01 2.563562298075571889e+05
1.600000000000000033e-01 2.000000000000000111e-01 2.317741255794352619e+05
2.000000000000000111e-01 2.400000000000000189e-01 2.177272088776513119e+05
2.400000000000000189e-01 2.800000000000000266e-01 2.001685630004213599e+05
2.800000000000000266e-01 3.199999999999999512e-01 2.458210422812192119e+05
3.199999999999999512e-01 3.599999999999999867e-01 2.001685630004213599e+05
3.599999999999999867e-01 4.000000000000000222e-01 1.685630004214074579e+05
4.000000000000000222e-01 4.399999999999999467e-01 1.966568338249753288e+05
4.399999999999999467e-01 4.799999999999999822e-01 1.966568338249753288e+05
4.799999999999999822e-01 5.200000000000000178e-01 1.580278128950694809e+05
5.200000000000000178e-01 5.600000000000000533e-01 1.931451046495293849e+05
5.600000000000000533e-01 5.999999999999999778e-01 2.212389380530972849e+05
5.999999999999999778e-01 6.400000000000000133e-01 1.685630004214074579e+05
6.400000000000000133e-01 6.799999999999999378e-01 2.282623964039892599e+05
6.799999999999999378e-01 7.199999999999999734e-01 1.966568338249753288e+05
7.199999999999999734e-01 7.600000000000000089e-01 1.685630004214074579e+05
7.600000000000000089e-01 8.000000000000000444e-01 2.107037505267593369e+05
8.000000000000000444e-01 8.399999999999999689e-01 1.615395420705154538e+05
8.399999999999999689e-01 8.800000000000000044e-01 2.036802921758673328e+05
8.800000000000000044e-01 9.199999999999999289e-01 1.650512712459614850e+05
9.199999999999999289e-01 9.599999999999999645e-01 2.317741255794352619e+05
9.599999999999999645e-01 1.000000000000000000e+00 2.317741255794352619e+05
1.000000000000000000e+00 1.040000000000000036e+00 2.001685630004213599e+05
1.040000000000000036e+00 1.080000000000000071e+00 1.369574378423935559e+05
1.080000000000000071e+00 1.120000000000000107e+00 2.001685630004213599e+05
1.120000000000000107e+00 1.159999999999999920e+00 1.685630004214074579e+05
1.159999999999999920e+00 1.199999999999999956e+00 2.071920213513133349e+05
1.199999999999999956e+00 1.239999999999999991e+00 1.931451046495293849e+05
1.239999999999999991e+00 1.280000000000000027e+00 2.107037505267593369e+05
1.280000000000000027e+00 1.320000000000000062e+00 1.896333754740833829e+05
1.320000000000000062e+00 1.360000000000000098e+00 2.177272088776513119e+05
1.360000000000000098e+00 1.399999999999999911e+00 1.685630004214074579e+05
1.399999999999999911e+00 1.439999999999999947e+00 2.598679589830031327e+05
1.439999999999999947e+00 1.479999999999999982e+00 4.811068970361005049e+05
1.479999999999999982e+00 1.520000000000000018e+00 7.936507936507933773e+05
1.520000000000000018e+00 1.560000000000000053e+00 5.021772720887762844e+05
1.560000000000000053e+00 1.600000000000000089e+00 3.265908133164769388e+05
1.600000000000000089e+00 1.640000000000000124e+00 2.177272088776513119e+05
1.640000000000000124e+00 1.679999999999999938e+00 1.896333754740833829e+05
1.679999999999999938e+00 1.719999999999999973e+00 2.177272088776513119e+05
1.719999999999999973e+00 1.760000000000000009e+00 2.212389380530972849e+05
1.760000000000000009e+00 1.800000000000000044e+00 2.036802921758673328e+05
1.800000000000000044e+00 1.840000000000000080e+00 1.826099171231914079e+05
1.840000000000000080e+00 1.879999999999999893e+00 2.036802921758673328e+05
1.879999999999999893e+00 1.919999999999999929e+00 2.844500632111250306e+05
1.919999999999999929e+00 1.959999999999999964e+00 2.282623964039892599e+05
1.959999999999999964e+00 2.000000000000000000e+00 2.142154797022052808e+05
2.000000000000000000e+00 2.040000000000000036e+00 1.790981879477454058e+05
2.040000000000000036e+00 2.080000000000000071e+00 2.598679589830031327e+05
2.080000000000000071e+00 2.120000000000000107e+00 1.966568338249753288e+05
2.120000000000000107e+00 2.160000000000000142e+00 2.107037505267593369e+05
2.160000000000000142e+00 2.200000000000000178e+00 1.720747295968534308e+05
2.200000000000000178e+00 2.240000000000000213e+00 2.001685630004213599e+05
2.240000000000000213e+00 2.279999999999999805e+00 1.685630004214074579e+05
2.279999999999999805e+00 2.319999999999999840e+00 1.720747295968534308e+05
2.319999999999999840e+00 2.359999999999999876e+00 2.001685630004213599e+05
2.359999999999999876e+00 2.399999999999999911e+00 1.966568338249753288e+05
2.399999999999999911e+00 2.439999999999999947e+00 2.001685630004213599e+05
2.439999999999999947e+00 2.479999999999999982e+00 1.790981879477454058e+05
2.479999999999999982e+00 2.520000000000000018e+00 1.966568338249753288e+05
2.520000000000000018e+00 2.560000000000000053e+00 1.685630004214074579e+05
2.560000000000000053e+00 2.600000000000000089e+00 1.966568338249753288e+05
2.600000000000000089e+00 2.640000000000000124e+00 2.423093131057732098e+05
2.640000000000000124e+00 2.680000000000000160e+00 2.212389380530972849e+05
2.680000000000000160e+00 2.720000000000000195e+00 1.826099171231914079e+05
2.720000000000000195e+00 2.760000000000000231e+00 1.896333754740833829e+05
2.760000000000000231e+00 2.800000000000000266e+00 2.247506672285432869e+05
2.800000000000000266e+00 2.839999999999999858e+00 1.966568338249753288e+05
2.839999999999999858e+00 2.879999999999999893e+00 2.107037505267593369e+05
2.879999999999999893e+00 2.919999999999999929e+00 1.510043545441774768e+05
2.919999999999999929e+00 2.959999999999999964e+00 1.755864587722994329e+05
2.959999999999999964e+00 3.000000000000000000e+00 1.966568338249753288e+05
3.000000000000000000e+00 3.040000000000000036e+00 1.966568338249753288e+05
3.040000000000000036e+00 3.080000000000000071e+00 1.615395420705154538e+05
3.080000000000000071e+00 3.120000000000000107e+00 1.580278128950694809e+05
3.120000000000000107e+00 3.160000000000000142e+00 1.790981879477454058e+05
3.160000000000000142e+00 3.200000000000000178e+00 2.001685630004213599e+05
3.200000000000000178e+00 3.240000000000000213e+00 1.826099171231914079e+05
3.240000000000000213e+00 3.280000000000000249e+00 1.826099171231914079e+05
3.280000000000000249e+00 3.319999999999999840e+00 2.352858547548812639e+05
3.319999999999999840e+00 3.359999999999999876e+00 2.142154797022052808e+05
3.359999999999999876e+00 3.399999999999999911e+00 2.071920213513133349e+05
3.399999999999999911e+00 3.439999999999999947e+00 2.071920213513133349e+05
3.439999999999999947e+00 3.479999999999999982e+00 2.282623964039892599e+05
3.479999999999999982e+00 3.520000000000000018e+00 1.720747295968534308e+05
3.520000000000000018e+00 3.560000000000000053e+00 2.036802921758673328e+05
3.560000000000000053e+00 3.600000000000000089e+00 1.896333754740833829e+05
3.600000000000000089e+00 3.640000000000000124e+00 2.142154797022052808e+05
3.640000000000000124e+00 3.680000000000000160e+00 1.826099171231914079e+05
3.680000000000000160e+00 3.720000000000000195e+00 1.755864587722994329e+05
3.720000000000000195e+00 3.760000000000000231e+00 1.826099171231914079e+05
3.760000000000000231e+00 3.800000000000000266e+00 1.826099171231914079e+05
3.800000000000000266e+00 3.839999999999999858e+00 1.193987919651636039e+05
3.839999999999999858e+00 3.879999999999999893e+00 1.755864587722994329e+05
3.879999999999999893e+00 3.919999999999999929e+00 2.001685630004213599e+05
3.919999999999999929e+00 3.959999999999999964e+00 2.071920213513133349e+05
3.959999999999999964e+00 3.999999999999999556e+00 2.247506672285432869e+05
3.999999999999999556e+00 4.040000000000000924e+00 3.160556257901389617e+05
4.040000000000000924e+00 4.080000000000000071e+00 4.389661469307485968e+05
4.080000000000000071e+00 4.120000000000000995e+00 4.916420845624384237e+05
4.120000000000000995e+00 4.160000000000000142e+00 4.986655429133303696e+05
4.160000000000000142e+00 4.200000000000001066e+00 5.864587722994800424e+05
4.200000000000001066e+00 4.240000000000000213e+00 5.092007304396682885e+05
4.240000000000000213e+00 4.280000000000001137e+00 3.652198342463828158e+05
4.280000000000001137e+00 4.320000000000000284e+00 2.633796881584491348e+05
4.320000000000000284e+00 4.360000000000001208e+00 2.036802921758673328e+05
4.360000000000001208e+00 4.400000000000000355e+00 2.142154797022052808e+05
4.400000000000000355e+00 4.440000000000001279e+00 2.212389380530972849e+05
4.440000000000001279e+00 4.480000000000000426e+00 1.966568338249753288e+05
4.480000000000000426e+00 4.520000000000001350e+00 1.755864587722994329e+05
4.520000000000001350e+00 4.560000000000000497e+00 1.931451046495293849e+05
4.560000000000000497e+00 4.600000000000000533e+00 2.036802921758673328e+05
4.600000000000000533e+00 4.640000000000000568e+00 2.177272088776513119e+05
4.640000000000000568e+00 4.679999999999999716e+00 2.668914173338951077e+05
4.679999999999999716e+00 4.720000000000000639e+00 4.319426885798566509e+05
4.720000000000000639e+00 4.759999999999999787e+00 3.581963758954908117e+05
4.759999999999999787e+00 4.800000000000000711e+00 3.968253968253966887e+05
4.800000000000000711e+00 4.839999999999999858e+00 4.389661469307485968e+05
4.839999999999999858e+00 4.880000000000000782e+00 3.687315634218288469e+05
4.880000000000000782e+00 4.919999999999999929e+00 3.652198342463828158e+05
4.919999999999999929e+00 4.960000000000000853e+00 4.003371260008427198e+05
4.960000000000000853e+00 5.000000000000000000e+00 3.160556257901389617e+05
5.000000000000000000e+00 5.040000000000000924e+00 3.441494591937068617e+05
5.040000000000000924e+00 5.080000000000000071e+00 3.336142716673688847e+05
5.080000000000000071e+00 5.120000000000000995e+00 3.933136676499506575e+05
5.120000000000000995e+00 5.160000000000000142e+00 3.933136676499506575e+05
5.160000000000000142e+00 5.200000000000001066e+00 3.968253968253966887e+05
5.200000000000001066e+00 5.240000000000000213e+00 4.600365219834244926e+05
5.240000000000000213e+00 5.280000000000001137e+00 5.513414805450201966e+05
5.280000000000001137e+00 5.320000000000000284e+00 6.040174181767099071e+05
5.320000000000000284e+00 5.360000000000001208e+00 7.374631268436576938e+05
5.360000000000001208e+00 5.400000000000000355e+00 9.622137940722010098e+05
5.400000000000000355e+00 5.440000000000001279e+00 1.018401460879336577e+06
5.440000000000001279e+00 5.480000000000000426e+00 1.186964461300744209e+06
5.480000000000000426e+00 5.520000000000001350e+00 1.685630004214074695e+06
5.520000000000001350e+00 5.560000000000000497e+00 2.468745610338530038e+06
5.560000000000000497e+00 5.600000000000000533e+00 4.006882989183872472e+06
5.600000000000000533e+00 5.640000000000000568e+00 6.138502598679587245e+06
5.640000000000000568e+00 5.679999999999999716e+00 9.453574940300600603e+06
5.679999999999999716e+00 5.720000000000000639e+00 1.429273774406517297e+07
5.720000000000000639e+00 5.759999999999999787e+00 2.181837336704592407e+07
5.759999999999999787e+00 5.800000000000000711e+00 3.364236550077257305e+07
5.800000000000000711e+00 5.839999999999999858e+00 4.981036662452590466e+07
5.839999999999999858e+00 5.880000000000000782e+00 6.595729737322655320e+07
5.880000000000000782e+00 5.919999999999999929e+00 7.524933277145662904e+07
5.919999999999999929e+00 5.960000000000000853e+00 7.193426042983563244e+07
5.960000000000000853e+00 6.000000000000000000e+00 5.924638291894927621e+07
6.000000000000000000e+00 6.040000000000000924e+00 3.933136676499507576e+07
6.040000000000000924e+00 6.080000000000000071e+00 2.080348363534203544e+07
6.080000000000000071e+00 6.120000000000000995e+00 9.527321252984967083e+06
6.120000000000000995e+00 6.160000000000000142e+00 4.428290490237390622e+06
6.160000000000000142e+00 6.200000000000001066e+00 2.602191319005477708e+06
6.200000000000001066e+00 6.240000000000000213e+00 2.879617923865710851e+06
6.240000000000000213e+00 6.280000000000001137e+00 3.739991571849978063e+06
6.280000000000001137e+00 6.320000000000000284e+00 4.969096783256073482e+06
6.320000000000000284e+00 6.360000000000001208e+00 7.023458350891977549e+06
6.360000000000001208e+00 6.400000000000000355e+00 9.530832982160411775e+06
6.400000000000000355e+00 6.440000000000001279e+00 1.309523809523809142e+07
6.440000000000001279e+00 6.480000000000000426e+00 1.596432083157746121e+07
6.480000000000000426e+00 6.520000000000001350e+00 1.855948869223204628e+07
6.520000000000001350e+00 6.560000000000000497e+00 1.781851383621294424e+07
6.560000000000000497e+00 6.600000000000001421e+00 1.557451889310296066e+07
6.600000000000001421e+00 6.640000000000000568e+00 1.187666807135833427e+07
6.640000000000000568e+00 6.679999999999999716e+00 7.613428852366902865e+06
6.679999999999999716e+00 6.720000000000000639e+00 4.466919511167298071e+06
6.720000000000000639e+00 6.759999999999999787e+00 2.033291192583227297e+06
6.759999999999999787e+00 6.800000000000000711e+00 9.622137940722010098e+05
6.800000000000000711e+00 6.839999999999999858e+00 4.108723135271806386e+05
6.839999999999999858e+00 6.880000000000000782e+00 2.247506672285432869e+05
6.880000000000000782e+00 6.919999999999999929e+00 1.896333754740833829e+05
6.919999999999999929e+00 6.960000000000000853e+00 1.650512712459614850e+05
6.960000000000000853e+00 7.000000000000000000e+00 1.299339794915015664e+05
