0.170684 5.73082e+06 0.0202561
0.190974 2.21203e+06 0.0203243
0.211337 821762 0.0204005
0.231779 328516 0.0204849
0.252311 135692 0.0205774
0.272938 66812 0.0206781
0.293671 38617.1 0.020787
0.314516 31259.3 0.0209041
0.335483 16007.4 0.0210295
0.35658 23673.5 0.0211633
0.377814 18534.7 0.0213055
0.399195 9457.16 0.0214561
0.42073 9201.79 0.0216151
0.442429 8175.93 0.0217828
0.4643 9585.68 0.0219591
0.486352 9365.86 0.022144
0.508593 12239.5 0.0223377
0.531032 11991.5 0.0225402
0.553678 4404.21 0.0227516
0.576539 7206.95 0.022972
0.599626 4246.62 0.0232015
0.622947 9714.36 0.0234401
0.646511 4094.18 0.023688
0.670328 4021.89 0.0239452
0.694406 4608.26 0.0242118
0.718756 1292.74 0.024488
0.743387 3176.08 0.0247739
0.768309 2498.69 0.0250695
0.793531 3069.09 0.0253749
0.819064 1813.94 0.0256904
0.844917 1191.15 0.0260159
0.871101 1759.47 0.0263517
0.897625 4041.79 0.0266979
0.924502 2841.53 0.0270546
0.95174 2796.11 0.0274219
0.979351 3300.91 0.0278
1.00735 2705.51 0.028189
1.03573 2128.33 0.0285891
1.06453 2092.38 0.0290004
1.09374 3599.02 0.0294231
1.12338 4041.95 0.0298574
1.15346 496.391 0.0303035
1.18399 975.187 0.0307614
1.21499 478.856 0.0312314
1.24646 2350.91 0.0317137
1.27842 461.577 0.0322084
1.31089 1812.18 0.0327158
1.34386 1333.76 0.033236
1.37736 2186.59 0.0337692
1.41141 3012.47 0.0343158
1.446 846.884 0.0348758
1.48117 416.59 0.0354494
1.51691 0 0.036037
1.55325 403.067 0.0366388
1.59019 1585.6 0.0372549
1.62776 1169.4 0.0378856
1.66597 383.27 0.0385312
1.70483 376.809 0.039192
1.74436 740.837 0.0398681
1.78458 1092.3 0.0405598
1.82549 357.857 0.0412675
1.86712 1406.75 0.0419913
1.90948 1036.79 0.0427316
1.95259 679.158 0.0434887
1.99647 667.28 0.0442629
2.04113 655.557 0.0450544
2.08659 965.987 0.0458636
2.13286 316.291 0.0466907
2.17998 931.997 0.0475362
2.22794 915.357 0.0484004
2.27679 599.303 0.0492835
2.32652 588.526 0.0501859
2.37717 288.954 0.0511081
2.42875 283.723 0.0520503
2.48128 557.143 0.0530129
2.53478 0 0.0539963
2.58928 268.503 0.0550008
2.6448 263.585 0.056027
2.70135 0 0.0570751
2.75896 253.981 0.0581456
2.81765 0 0.0592389
2.87745 244.682 0.0603554
2.93837 720.435 0.0614956
3.00045 471.365 0.06266
3.0637 231.294 0.0638489
3.12816 680.936 0.0650628
3.19384 0 0.0663023
3.26078 0 0.0675677
3.32899 643.39 0.0688597
3.39851 210.433 0.0701786
3.46936 412.942 0.0715251
3.54157 202.578 0.0728997
3.61518 198.753 0.0743028
3.6902 194.994 0.0757351
3.76666 0 0.077197
3.8446 187.673 0.0786893
3.92406 0 0.0802124
4.00504 541.828 0.0817669
4.0876 177.171 0.0833535
4.17177 521.385 0.0849729
4.25757 0 0.0866255
4.34504 501.679 0.0883121
4.43421 328.077 0.0900333
4.52512 160.909 0.0917899
4.61781 0 0.0935824
4.7123 0 0.0954117
4.80865 151.858 0.0972783
4.90688 0 0.0991832
5.00703 0 0.101127
5.10915 143.296 0.10311
5.21328 0 0.105134
5.31944 137.849 0.107199
5.42769 0 0.109306
5.53808 132.603 0.111456
5.65063 0 0.11365
5.7654 255.101 0.115888
5.88243 125.095 0.118172
6.00176 0 0.120502
6.12345 0 0.122879
6.24755 0 0.125304
6.37409 115.726 0.127779
6.50313 113.493 0.130304
6.63472 222.605 0.132879
6.76891 218.306 0.135507
6.90576 0 0.138188
7.04532 0 0.140924
7.18763 0 0.143714
7.33277 0 0.146561
7.48079 99.0049 0.149465
7.63173 97.0898 0.152428
7.78567 0 0.155451
7.94266 93.3688 0.158535
8.10277 91.5611 0.16168
8.26606 0 0.16489
8.43258 88.0089 0.168164
8.60242 172.568 0.171503
8.77562 169.184 0.174911
8.95227 0 0.178386
9.13243 81.3049 0.181932
9.31617 0 0.185549
9.50357 0 0.189239
9.69469 0 0.193003
9.88961 225.308 0.196842
10.0884 73.6262 0.200759
10.2912 72.1783 0.204755
10.498 0 0.208831
10.7089 138.732 0.212989
10.924 68.0003 0.21723
11.1434 66.6613 0.221556
11.3671 0 0.22597
11.5954 0 0.230472
11.8281 62.7978 0.235064
12.0655 0 0.239749
12.3077 120.691 0.244527
12.5546 0 0.249402
12.8065 0 0.254374
13.0634 0 0.259446
13.3255 0 0.26462
13.5927 54.6194 0.269898
13.8653 0 0.275281
14.1433 157.445 0.280772
14.4269 51.4442 0.286374
14.7161 50.4267 0.292088
15.0111 0 0.297916
15.312 48.4509 0.303861
15.6189 0 0.309925
15.9319 0 0.316111
16.2512 91.2583 0.322421
16.5768 0 0.328857
16.909 43.8386 0.335422
17.2478 42.9694 0.342119
17.5933 84.2343 0.34895
17.9457 0 0.355918
18.3052 0 0.363025
18.6718 0 0.370275
19.0458 116.614 0.37767
19.4273 0 0.385213
19.8163 0 0.392907
20.2132 36.5998 0.400755
20.6179 0 0.40876
21.0308 0 0.416926
21.4518 34.4588 0.425255
21.8813 0 0.433751
22.3194 33.1003 0.442417
22.7663 97.3228 0.451256
23.222 0 0.460273
23.6869 62.3213 0.46947
24.1611 0 0.478851
24.6447 0 0.488419
25.138 0 0.49818
25.6412 28.747 0.508136
26.1544 0 0.51829
26.6778 0 0.528649
27.2118 27.058 0.539214
27.7564 26.5169 0.549991
28.3119 0 0.560984
28.8785 50.9325 0.572197
29.4564 0 0.583634
30.0458 24.4564 0.5953
30.6471 47.9325 0.607199
31.2603 46.9715 0.619337
31.8859 46.0293 0.631717
32.5239 0 0.644345
33.1747 22.0999 0.657226
33.8385 21.656 0.670365
34.5156 84.883 0.683766
35.2062 83.1761 0.697436
35.9106 40.7514 0.711379
36.6291 19.9656 0.725601
37.3619 0 0.740107
38.1094 0 0.754904
38.8719 18.7828 0.769997
39.6496 0 0.785392
40.4428 36.065 0.801095
41.2519 17.6683 0.817112
42.0772 34.6226 0.833449
42.919 16.9613 0.850113
43.7776 0 0.867111
44.6534 16.2818 0.884449
45.5466 31.904 0.902133
46.4578 0 0.920172
47.3872 15.3117 0.938571
48.3351 30.0019 0.957338
49.302 0 0.976481
50.2883 0 0.996006
51.2942 0 1.01592
52.3203 13.8179 1.03624
53.3669 27.0729 1.05696
54.4344 26.5212 1.07809
55.5233 0 1.09965
56.634 25.4501 1.12164
57.7668 0 1.14407
58.9223 0 1.16695
60.1009 0 1.19028
61.3031 11.7157 1.21409
62.5294 0 1.23837
63.7801 0 1.26313
65.0559 11.0097 1.28839
66.3571 0 1.31415
67.6844 0 1.34043
69.0383 31.0334 1.36724
70.4192 30.3943 1.39458
71.8277 9.92257 1.42247
73.2644 9.71783 1.45092
74.7298 0 1.47993
76.2245 9.32037 1.50953
77.7492 9.1275 1.53972
79.3043 8.93844 1.57051
80.8905 8.7531 1.60192
82.5084 8.57142 1.63395
84.1587 8.39333 1.66663
85.842 16.4375 1.69996
87.559 0 1.73396
89.3103 7.87986 1.76863
91.0966 7.71543 1.804
92.9186 15.1085 1.84008
94.7771 0 1.87688
96.6727 0 1.91442
98.6063 0 1.9527
100.579 0 1.99175
102.59 6.79487 2.03159
104.642 0 2.07222
106.735 0 2.11366
108.87 0 2.15593
111.047 0 2.19905
113.268 0 2.24303
115.534 5.9784 2.28788
117.845 5.85161 2.33364
120.202 0 2.38031
122.606 5.60553 2.42792
125.058 0 2.47647
127.559 5.36913 2.526
130.11 0 2.57652
132.713 5.14205 2.62805
135.367 0 2.68061
138.074 4.92392 2.73422
140.836 0 2.7889
143.653 4.7144 2.84468
146.526 0 2.90157
149.456 0 2.9596
152.446 0 3.01879
155.495 8.63976 3.07917
158.605 12.6784 3.14075
161.777 12.4028 3.20356
165.012 4.04423 3.26763
168.313 0 3.33298
171.679 7.73909 3.39964
175.113 7.56965 3.46763
178.615 3.70181 3.53698
182.187 3.62046 3.60772
185.831 7.0815 3.67988
189.548 0 3.75347
193.339 3.38612 3.82854
197.206 0 3.90511
201.15 9.713 3.98321
205.173 3.16568 4.06288
209.276 3.09516 4.14413
213.462 9.07819 4.22701
217.731 5.91674 4.31155
222.086 2.89205 4.39778
226.528 5.65415 4.48574
231.058 2.76343 4.57545
235.679 5.40215 4.66696
240.393 2.63999 4.7603
245.201 2.58016 4.8555
250.105 0 4.95261
255.107 0 5.05166
260.209 4.81583 5.1527
265.413 9.41136 5.25575
270.722 13.7934 5.36086
276.136 60.6437 5.46808
281.659 63.6353 5.57744
287.292 21.4365 5.68899
293.038 4.18804 5.80277
298.899 0 5.91882
304.877 1.99783 6.0372
310.975 5.85371 6.15794
317.194 0 6.2811
323.538 3.72186 6.40672
330.009 0 6.53486
336.609 1.77436 6.66555
343.341 6.92971 6.79886
350.208 1.69138 6.93484
357.212 4.95358 7.07354
364.356 0 7.21501
371.644 3.1467 7.35931
379.077 0 7.50649
386.658 2.99754 7.65662
394.391 2.92533 7.80975
402.279 2.85466 7.96595
410.325 2.7855 8.12527
418.531 2.71782 8.28777
426.902 1.3258 8.45353
435.44 1.2934 8.6226
444.149 1.26169 8.79505
453.032 1.23068 8.97095
462.092 0 9.15037
471.334 2.34129 9.33337
480.761 4.56643 9.52004
490.376 2.22641 9.71044
