0.006322  154732140.00  0.0007502
0.007073  59724810.00  0.0007527
0.007827  22187574.00  0.0007556
0.008584  8869932.00  0.0007587
0.009345  3663684.00  0.0007622
0.010109  1803924.00  0.0007658
0.010877  1042661.70  0.0007699
0.011649  844001.10  0.0007742
0.012425  432199.80  0.0007789
0.013207  639184.50  0.0007838
0.013993  500436.90  0.0007891
0.014785  255343.32  0.0007947
0.015583  248448.33  0.0008005
0.016386  220750.11  0.0008068
0.017196  258813.36  0.0008133
0.018013  252878.22  0.0008202
0.018837  330466.50  0.0008273
0.019668  323770.50  0.0008348
0.020507  118913.67  0.0008427
0.021353  194587.65  0.0008508
0.022208  114658.74  0.0008593
0.023072  262287.72  0.0008682
0.023945  110542.86  0.0008773
0.024827  108591.03  0.0008869
0.025719  124423.02  0.0008967
0.026621  34903.98  0.0009070
0.027533  85754.16  0.0009176
0.028456  67464.63  0.0009285
0.029390  82865.43  0.0009398
0.030336  48976.38  0.0009515
0.031293  32161.05  0.0009635
0.032263  47505.69  0.0009760
0.033245  109128.33  0.0009888
0.034241  76721.31  0.0010020
0.035250  75494.97  0.0010156
0.036272  89124.57  0.0010296
0.037309  24005.69  0.0010442
0.039995  107421.44  0.0043283
0.044456  38646.65  0.0045929
0.049196  52466.54  0.0048862
0.054244  38726.69  0.0052105
0.059633  32407.77  0.0055669
0.065396  23509.76  0.0059588
0.071569  34382.27  0.0063881
0.078192  25934.86  0.0068573
0.085305  21773.16  0.0073695
0.092954  10031.48  0.0079280
0.101186  4743.91  0.0085366
0.110054  15253.63  0.0091983
0.119612  11808.56  0.0099183
0.129921  9329.30  0.0107004
0.141046  3509.43  0.0115494
0.153056  11376.89  0.0124710
0.166027  9029.38  0.0134711
0.180041  1393.28  0.0145553
0.195184  2579.16  0.0157315
0.211553  4684.10  0.0170064
0.229250  1021.22  0.0183875
0.248386  5107.03  0.0198842
0.269081  873.61  0.0215062
0.291465  2555.47  0.0232625
0.315679  3915.69  0.0251654
0.341875  746.19  0.0272264
0.370218  3393.86  0.0294588
0.400884  2497.97  0.0318741
0.434066  587.85  0.0344888
0.469972  1086.08  0.0373240
0.508830  1890.42  0.0403912
0.550882  1353.24  0.0437128
0.596392  854.33  0.0473073
0.645646  1577.47  0.0512011
0.698955  1091.72  0.0554166
0.756651  335.93  0.0599762
0.819096  1478.61  0.0649135
0.886682  572.02  0.0702586
0.959834  263.86  0.0760450
1.039013  936.23  0.0823139
1.124714  1087.63  0.0890878
1.217475  812.17  0.0964339
1.317881  2084.97  0.1043784
1.426559  175.85  0.1129776
1.544192  960.50  0.1222874
1.671517  448.14  0.1323641
1.809337  413.17  0.1432747
1.958514  614.28  0.1550793
2.119986  233.60  0.1678641
2.294767  107.54  0.1816996
2.483955  372.86  0.1966761
2.688735  455.57  0.2128831
2.910393  328.56  0.2304331
3.150323  308.07  0.2494267
3.410028  283.18  0.2699837
3.691136  59.95  0.2922317
3.995413  0.00  0.3163233
4.324790  109.66  0.3424307
4.681304  100.71  0.3705965
5.067198  92.37  0.4011922
5.484923  42.42  0.4342572
5.937059  345.92  0.4700156
6.426469  174.56  0.5088028
6.956236  127.45  0.5507326
7.529654  146.10  0.5961035
8.150351  212.96  0.6452891
8.822215  121.93  0.6984400
9.549437  128.12  0.7560046
10.336618  1465.66  0.8183563
11.188712  108.04  0.8858324
12.111032  49.82  0.9588076
13.109357  124.26  1.0378419
14.189989  82.19  1.1234211
15.359716  88.40  1.2160330
16.625851  34.74  1.3162378
