0.050	0.690330
0.051	0.694053
0.051	0.697720
0.052	0.701331
0.052	0.704889
0.053	0.708394
0.053	0.711849
0.054	0.715254
0.054	0.718610
0.055	0.721918
0.055	0.725179
0.056	0.728394
0.056	0.731563
0.057	0.734688
0.057	0.737769
0.058	0.740808
0.058	0.743803
0.059	0.746757
0.059	0.749670
0.060	0.752542
0.060	0.755375
0.061	0.758168
0.061	0.760922
0.062	0.763638
0.062	0.766317
0.063	0.768958
0.063	0.771563
0.064	0.774132
0.064	0.776666
0.065	0.779164
0.065	0.781628
0.066	0.784058
0.066	0.786454
0.067	0.788817
0.067	0.791147
0.068	0.793445
0.068	0.795712
0.069	0.797947
0.069	0.800151
0.070	0.802325
0.070	0.804469
0.071	0.806583
0.071	0.808668
0.072	0.810724
0.072	0.812751
0.073	0.814751
0.073	0.816723
0.074	0.818668
0.074	0.820585
0.075	0.822477
0.075	0.824342
0.076	0.826181
0.076	0.827995
0.077	0.829784
0.077	0.831548
0.078	0.833288
0.078	0.835003
0.079	0.836695
0.079	0.838364
0.080	0.840009
0.080	0.841632
0.081	0.843232
0.081	0.844810
0.082	0.846366
0.082	0.847901
0.083	0.849414
0.083	0.850907
0.084	0.852378
0.084	0.853830
0.085	0.855261
0.085	0.856673
0.086	0.858064
0.086	0.859437
0.087	0.860791
0.087	0.862125
0.088	0.863442
0.088	0.864740
0.089	0.866020
0.089	0.867282
0.090	0.868527
0.090	0.869755
0.091	0.870965
0.091	0.872159
0.092	0.873336
0.092	0.874497
0.093	0.875642
0.093	0.876771
0.094	0.877884
0.094	0.878981
0.095	0.880064
0.095	0.881131
0.096	0.882184
0.096	0.883222
0.097	0.884246
0.097	0.885255
0.098	0.886250
0.098	0.887232
0.099	0.888200
0.099	0.889154
0.100	0.890095
0.100	0.891023
0.101	0.891938
0.101	0.892841
0.102	0.893730
0.102	0.894608
0.103	0.895473
0.103	0.896326
0.104	0.897167
0.104	0.897997
0.105	0.898815
0.105	0.899622
0.106	0.900417
0.106	0.901201
0.107	0.901975
0.107	0.902737
0.108	0.903489
0.108	0.904231
0.109	0.904962
0.109	0.905683
0.110	0.906393
0.110	0.907094
0.111	0.907785
0.111	0.908467
0.112	0.909139
0.112	0.909801
0.113	0.910455
0.113	0.911099
0.114	0.911734
0.114	0.912360
0.115	0.912978
0.115	0.913587
0.116	0.914187
0.116	0.914779
0.117	0.915362
0.117	0.915938
0.118	0.916505
0.118	0.917065
0.119	0.917616
0.119	0.918160
0.120	0.918696
0.120	0.919225
0.121	0.919746
0.121	0.920260
0.122	0.920767
0.122	0.921267
0.123	0.921759
0.123	0.922245
0.124	0.922724
0.124	0.923196
0.125	0.923661
0.125	0.924120
0.126	0.924573
0.126	0.925019
0.127	0.925458
0.127	0.925892
0.128	0.926319
0.128	0.926741
0.129	0.927156
0.129	0.927566
0.130	0.927970
0.130	0.928368
0.131	0.928760
0.131	0.929147
0.132	0.929529
0.132	0.929905
0.133	0.930276
0.133	0.930641
0.134	0.931002
0.134	0.931357
0.135	0.931707
0.135	0.932052
0.136	0.932392
0.136	0.932728
0.137	0.933059
0.137	0.933385
0.138	0.933706
0.138	0.934023
0.139	0.934335
0.139	0.934643
0.140	0.934946
0.140	0.935246
0.141	0.935540
0.141	0.935831
0.142	0.936118
0.142	0.936400
0.143	0.936678
0.143	0.936953
0.144	0.937223
0.144	0.937490
0.145	0.937753
0.145	0.938012
0.146	0.938267
0.146	0.938518
0.147	0.938766
0.147	0.939011
0.148	0.939252
0.148	0.939489
0.149	0.939723
0.149	0.939954
0.150	0.940181
0.150	0.940405
0.151	0.940626
0.151	0.940844
0.152	0.941058
0.152	0.941270
0.153	0.941478
0.153	0.941683
0.154	0.941886
0.154	0.942085
0.155	0.942282
0.155	0.942475
0.156	0.942666
0.156	0.942854
0.157	0.943039
0.157	0.943222
0.158	0.943402
0.158	0.943579
0.159	0.943754
0.159	0.943926
0.160	0.944096
0.160	0.944263
0.161	0.944428
0.161	0.944590
0.162	0.944750
0.162	0.944907
0.163	0.945063
0.163	0.945216
0.164	0.945366
0.164	0.945515
0.165	0.945661
0.165	0.945805
0.166	0.945947
0.166	0.946087
0.167	0.946225
0.167	0.946360
0.168	0.946494
0.168	0.946626
0.169	0.946755
0.169	0.946883
0.170	0.947009
0.170	0.947133
0.171	0.947255
0.171	0.947375
0.172	0.947494
0.172	0.947611
0.173	0.947726
0.173	0.947839
0.174	0.947950
0.174	0.948060
0.175	0.948168
0.175	0.948275
0.176	0.948380
0.176	0.948483
0.177	0.948585
0.177	0.948685
0.178	0.948783
0.178	0.948881
0.179	0.948976
0.179	0.949070
0.180	0.949163
0.180	0.949254
0.181	0.949344
0.181	0.949433
0.182	0.949520
0.182	0.949606
0.183	0.949690
0.183	0.949773
0.184	0.949855
0.184	0.949935
0.185	0.950015
0.185	0.950093
0.186	0.950169
0.186	0.950245
0.187	0.950319
0.187	0.950393
0.188	0.950465
0.188	0.950536
0.189	0.950605
0.189	0.950674
0.190	0.950742
0.190	0.950808
0.191	0.950873
0.191	0.950938
0.192	0.951001
0.192	0.951063
0.193	0.951125
0.193	0.951185
0.194	0.951244
0.194	0.951303
0.195	0.951360
0.195	0.951416
0.196	0.951472
0.196	0.951526
0.197	0.951580
0.197	0.951633
0.198	0.951685
0.198	0.951736
0.199	0.951786
0.199	0.951835
0.200	0.951884
0.200	0.951931
0.201	0.951978
0.201	0.952024
0.202	0.952069
0.202	0.952114
0.203	0.952158
0.203	0.952201
0.204	0.952243
0.204	0.952284
0.205	0.952325
0.205	0.952365
0.206	0.952404
0.206	0.952443
0.207	0.952481
0.207	0.952518
0.208	0.952555
0.208	0.952591
0.209	0.952626
0.209	0.952661
0.210	0.952695
0.210	0.952728
0.211	0.952761
0.211	0.952793
0.212	0.952825
0.212	0.952856
0.213	0.952886
0.213	0.952916
0.214	0.952945
0.214	0.952974
0.215	0.953002
0.215	0.953030
0.216	0.953057
0.216	0.953083
0.217	0.953109
0.217	0.953135
0.218	0.953160
0.218	0.953184
0.219	0.953208
0.219	0.953232
0.220	0.953255
0.220	0.953278
0.221	0.953300
0.221	0.953321
0.222	0.953343
0.222	0.953363
0.223	0.953384
0.223	0.953403
0.224	0.953423
0.224	0.953442
0.225	0.953461
0.225	0.953479
0.226	0.953497
0.226	0.953514
0.227	0.953531
0.227	0.953548
0.228	0.953564
0.228	0.953580
0.229	0.953595
0.229	0.953610
0.230	0.953625
0.230	0.953639
0.231	0.953653
0.231	0.953667
0.232	0.953680
0.232	0.953693
0.233	0.953706
0.233	0.953718
0.234	0.953730
0.234	0.953742
0.235	0.953753
0.235	0.953765
0.236	0.953775
0.236	0.953786
0.237	0.953796
0.237	0.953806
0.238	0.953815
0.238	0.953825
0.239	0.953834
0.239	0.953842
0.240	0.953851
0.240	0.953859
0.241	0.953867
0.241	0.953874
0.242	0.953882
0.242	0.953889
0.243	0.953896
0.243	0.953902
0.244	0.953909
0.244	0.953915
0.245	0.953921
0.245	0.953926
0.246	0.953932
0.246	0.953937
0.247	0.953942
0.247	0.953947
0.248	0.953951
0.248	0.953956
0.249	0.953960
0.249	0.953963
0.250	0.953967
0.250	0.953971
0.251	0.953974
0.251	0.953977
0.252	0.953980
0.252	0.953982
0.253	0.953985
0.253	0.953987
0.254	0.953989
0.254	0.953991
0.255	0.953993
0.255	0.953994
0.256	0.953996
0.256	0.953997
0.257	0.953998
0.257	0.953999
0.258	0.953999
0.258	0.954000
0.259	0.954000
0.259	0.954001
0.260	0.954001
0.260	0.954000
0.261	0.954000
0.261	0.954000
0.262	0.953999
0.262	0.953998
0.263	0.953998
0.263	0.953997
0.264	0.953995
0.264	0.953994
0.265	0.953993
0.265	0.953991
0.266	0.953989
0.266	0.953988
0.267	0.953986
0.267	0.953984
0.268	0.953981
0.268	0.953979
0.269	0.953976
0.269	0.953974
0.270	0.953971
0.270	0.953968
0.271	0.953965
0.271	0.953962
0.272	0.953959
0.272	0.953956
0.273	0.953952
0.273	0.953949
0.274	0.953945
0.274	0.953942
0.275	0.953938
0.275	0.953934
0.276	0.953930
0.276	0.953926
0.277	0.953921
0.277	0.953917
0.278	0.953913
0.278	0.953908
0.279	0.953904
0.279	0.953899
0.280	0.953894
0.280	0.953889
0.281	0.953884
0.281	0.953879
0.282	0.953874
0.282	0.953869
0.283	0.953863
0.283	0.953858
0.284	0.953853
0.284	0.953847
0.285	0.953841
0.285	0.953836
0.286	0.953830
0.286	0.953824
0.287	0.953818
0.287	0.953812
0.288	0.953806
0.288	0.953800
0.289	0.953794
0.289	0.953787
0.290	0.953781
0.290	0.953774
0.291	0.953768
0.291	0.953761
0.292	0.953755
0.292	0.953748
0.293	0.953741
0.293	0.953734
0.294	0.953728
0.294	0.953721
0.295	0.953714
0.295	0.953706
0.296	0.953699
0.296	0.953692
0.297	0.953685
0.297	0.953678
0.298	0.953670
0.298	0.953663
0.299	0.953655
0.299	0.953648
0.300	0.953640
0.300	0.953633
0.301	0.953625
0.301	0.953617
0.302	0.953609
0.302	0.953602
0.303	0.953594
0.303	0.953586
0.304	0.953578
0.304	0.953570
0.305	0.953562
0.305	0.953554
0.306	0.953546
0.306	0.953537
0.307	0.953529
0.307	0.953521
0.308	0.953513
0.308	0.953504
0.309	0.953496
0.309	0.953487
0.310	0.953479
0.310	0.953470
0.311	0.953462
0.311	0.953453
0.312	0.953445
0.312	0.953436
0.313	0.953427
0.313	0.953418
0.314	0.953410
0.314	0.953401
0.315	0.953392
0.315	0.953383
0.316	0.953374
0.316	0.953365
0.317	0.953356
0.317	0.953347
0.318	0.953338
0.318	0.953329
0.319	0.953320
0.319	0.953311
0.320	0.953302
0.320	0.953292
0.321	0.953283
0.321	0.953274
0.322	0.953265
0.322	0.953255
0.323	0.953246
0.323	0.953237
0.324	0.953227
0.324	0.953218
0.325	0.953208
0.325	0.953199
0.326	0.953189
0.326	0.953180
0.327	0.953170
0.327	0.953161
0.328	0.953151
0.328	0.953142
0.329	0.953132
0.329	0.953122
0.330	0.953113
0.330	0.953103
0.331	0.953093
0.331	0.953083
0.332	0.953074
0.332	0.953064
0.333	0.953054
0.333	0.953044
0.334	0.953034
0.334	0.953024
0.335	0.953014
0.335	0.953005
0.336	0.952995
0.336	0.952985
0.337	0.952975
0.337	0.952965
0.338	0.952955
0.338	0.952945
0.339	0.952935
0.339	0.952925
0.340	0.952914
0.340	0.952904
0.341	0.952894
0.341	0.952884
0.342	0.952874
0.342	0.952864
0.343	0.952854
0.343	0.952843
0.344	0.952833
0.344	0.952823
0.345	0.952813
0.345	0.952802
0.346	0.952792
0.346	0.952782
0.347	0.952772
0.347	0.952761
0.348	0.952751
0.348	0.952741
0.349	0.952730
0.349	0.952720
0.350	0.952709
0.350	0.952699
0.351	0.952689
0.351	0.952678
0.352	0.952668
0.352	0.952657
0.353	0.952647
0.353	0.952636
0.354	0.952626
0.354	0.952615
0.355	0.952605
0.355	0.952594
0.356	0.952584
0.356	0.952573
0.357	0.952563
0.357	0.952552
0.358	0.952542
0.358	0.952531
0.359	0.952520
0.359	0.952510
0.360	0.952499
0.360	0.952489
0.361	0.952478
0.361	0.952467
0.362	0.952457
0.362	0.952446
0.363	0.952435
0.363	0.952425
0.364	0.952414
0.364	0.952403
0.365	0.952392
0.365	0.952382
0.366	0.952371
0.366	0.952360
0.367	0.952350
0.367	0.952339
0.368	0.952328
0.368	0.952317
0.369	0.952307
0.369	0.952296
0.370	0.952285
0.370	0.952274
0.371	0.952263
0.371	0.952253
0.372	0.952242
0.372	0.952231
0.373	0.952220
0.373	0.952209
0.374	0.952198
0.374	0.952188
0.375	0.952177
0.375	0.952166
0.376	0.952155
0.376	0.952144
0.377	0.952133
0.377	0.952122
0.378	0.952111
0.378	0.952101
0.379	0.952090
0.379	0.952079
0.380	0.952068
0.380	0.952057
0.381	0.952046
0.381	0.952035
0.382	0.952024
0.382	0.952013
0.383	0.952002
0.383	0.951991
0.384	0.951980
0.384	0.951969
0.385	0.951958
0.385	0.951947
0.386	0.951936
0.386	0.951925
0.387	0.951914
0.387	0.951903
0.388	0.951892
0.388	0.951881
0.389	0.951870
0.389	0.951859
0.390	0.951848
0.390	0.951837
0.391	0.951826
0.391	0.951815
0.392	0.951804
0.392	0.951793
0.393	0.951782
0.393	0.951771
0.394	0.951760
0.394	0.951749
0.395	0.951738
0.395	0.951727
0.396	0.951716
0.396	0.951705
0.397	0.951694
0.397	0.951683
0.398	0.951671
0.398	0.951660
0.399	0.951649
0.399	0.951638
0.400	0.951627
0.400	0.951616
0.401	0.951605
0.401	0.951594
0.402	0.951583
0.402	0.951572
0.403	0.951561
0.403	0.951549
0.404	0.951538
0.404	0.951527
0.405	0.951516
0.405	0.951505
0.406	0.951494
0.406	0.951483
0.407	0.951472
0.407	0.951460
0.408	0.951449
0.408	0.951438
0.409	0.951427
0.409	0.951416
0.410	0.951405
0.410	0.951394
0.411	0.951382
0.411	0.951371
0.412	0.951360
0.412	0.951349
0.413	0.951338
0.413	0.951327
0.414	0.951315
0.414	0.951304
0.415	0.951293
0.415	0.951282
0.416	0.951271
0.416	0.951260
0.417	0.951248
0.417	0.951237
0.418	0.951226
0.418	0.951215
0.419	0.951204
0.419	0.951192
0.420	0.951181
0.420	0.951170
0.421	0.951159
0.421	0.951148
0.422	0.951136
0.422	0.951125
0.423	0.951114
0.423	0.951103
0.424	0.951092
0.424	0.951080
0.425	0.951069
0.425	0.951058
0.426	0.951047
0.426	0.951036
0.427	0.951024
0.427	0.951013
0.428	0.951002
0.428	0.950991
0.429	0.950979
0.429	0.950968
0.430	0.950957
0.430	0.950946
0.431	0.950935
0.431	0.950923
0.432	0.950912
0.432	0.950901
0.433	0.950890
0.433	0.950878
0.434	0.950867
0.434	0.950856
0.435	0.950845
0.435	0.950833
0.436	0.950822
0.436	0.950811
0.437	0.950800
0.437	0.950788
0.438	0.950777
0.438	0.950766
0.439	0.950755
0.439	0.950743
0.440	0.950732
0.440	0.950721
0.441	0.950710
0.441	0.950698
0.442	0.950687
0.442	0.950676
0.443	0.950665
0.443	0.950653
0.444	0.950642
0.444	0.950631
0.445	0.950620
0.445	0.950608
0.446	0.950597
0.446	0.950586
0.447	0.950575
0.447	0.950563
0.448	0.950552
0.448	0.950541
0.449	0.950530
0.449	0.950518
0.450	0.950507
0.450	0.950496
0.451	0.950484
0.451	0.950473
0.452	0.950462
0.452	0.950451
0.453	0.950439
0.453	0.950428
0.454	0.950417
0.454	0.950406
0.455	0.950394
0.455	0.950383
0.456	0.950372
0.456	0.950360
0.457	0.950349
0.457	0.950338
0.458	0.950327
0.458	0.950315
0.459	0.950304
0.459	0.950293
0.460	0.950281
0.460	0.950270
0.461	0.950259
0.461	0.950248
0.462	0.950236
0.462	0.950225
0.463	0.950214
0.463	0.950202
0.464	0.950191
0.464	0.950180
0.465	0.950169
0.465	0.950157
0.466	0.950146
0.466	0.950135
0.467	0.950123
0.467	0.950112
0.468	0.950101
0.468	0.950090
0.469	0.950078
0.469	0.950067
0.470	0.950056
0.470	0.950044
0.471	0.950033
0.471	0.950022
0.472	0.950010
0.472	0.949999
0.473	0.949988
0.473	0.949977
0.474	0.949965
0.474	0.949954
0.475	0.949943
0.475	0.949931
0.476	0.949920
0.476	0.949909
0.477	0.949897
0.477	0.949886
0.478	0.949875
0.478	0.949864
0.479	0.949852
0.479	0.949841
0.480	0.949830
0.480	0.949818
0.481	0.949807
0.481	0.949796
0.482	0.949784
0.482	0.949773
0.483	0.949762
0.483	0.949751
0.484	0.949739
0.484	0.949728
0.485	0.949717
0.485	0.949705
0.486	0.949694
0.486	0.949683
0.487	0.949671
0.487	0.949660
0.488	0.949649
0.488	0.949637
0.489	0.949626
0.489	0.949615
0.490	0.949604
0.490	0.949592
0.491	0.949581
0.491	0.949570
0.492	0.949558
0.492	0.949547
0.493	0.949536
0.493	0.949524
0.494	0.949513
0.494	0.949502
0.495	0.949490
0.495	0.949479
0.496	0.949468
0.496	0.949456
0.497	0.949445
0.497	0.949434
0.498	0.949423
0.498	0.949411
0.499	0.949400
0.499	0.949389
0.500	0.949377
0.500	0.949366
0.501	0.949355
0.501	0.949343
0.502	0.949332
0.502	0.949321
0.503	0.949309
0.503	0.949298
0.504	0.949287
0.504	0.949275
0.505	0.949264
0.505	0.949253
0.506	0.949242
0.506	0.949230
0.507	0.949219
0.507	0.949208
0.508	0.949196
0.508	0.949185
0.509	0.949174
0.509	0.949162
0.510	0.949151
0.510	0.949140
0.511	0.949128
0.511	0.949117
0.512	0.949106
0.512	0.949094
0.513	0.949083
0.513	0.949072
0.514	0.949060
0.514	0.949049
0.515	0.949038
0.515	0.949026
0.516	0.949015
0.516	0.949004
0.517	0.948993
0.517	0.948981
0.518	0.948970
0.518	0.948959
0.519	0.948947
0.519	0.948936
0.520	0.948925
0.520	0.948913
0.521	0.948902
0.521	0.948891
0.522	0.948879
0.522	0.948868
0.523	0.948857
0.523	0.948845
0.524	0.948834
0.524	0.948823
0.525	0.948811
0.525	0.948800
0.526	0.948789
0.526	0.948777
0.527	0.948766
0.527	0.948755
0.528	0.948743
0.528	0.948732
0.529	0.948721
0.529	0.948710
0.530	0.948698
0.530	0.948687
0.531	0.948676
0.531	0.948664
0.532	0.948653
0.532	0.948642
0.533	0.948630
0.533	0.948619
0.534	0.948608
0.534	0.948596
0.535	0.948585
0.535	0.948574
0.536	0.948562
0.536	0.948551
0.537	0.948540
0.537	0.948528
0.538	0.948517
0.538	0.948506
0.539	0.948494
0.539	0.948483
0.540	0.948472
0.540	0.948460
0.541	0.948449
0.541	0.948438
0.542	0.948426
0.542	0.948415
0.543	0.948404
0.543	0.948392
0.544	0.948381
0.544	0.948370
0.545	0.948358
0.545	0.948347
0.546	0.948336
0.546	0.948325
0.547	0.948313
0.547	0.948302
0.548	0.948291
0.548	0.948279
0.549	0.948268
0.549	0.948257
0.550	0.948245
0.550	0.948234
0.551	0.948223
0.551	0.948211
0.552	0.948200
0.552	0.948189
0.553	0.948177
0.553	0.948166
0.554	0.948155
0.554	0.948143
0.555	0.948132
0.555	0.948121
0.556	0.948109
0.556	0.948098
0.557	0.948087
0.557	0.948075
0.558	0.948064
0.558	0.948053
0.559	0.948041
0.559	0.948030
0.560	0.948019
0.560	0.948007
0.561	0.947996
0.561	0.947985
0.562	0.947973
0.562	0.947962
0.563	0.947951
0.563	0.947939
0.564	0.947928
0.564	0.947917
0.565	0.947905
0.565	0.947894
0.566	0.947883
0.566	0.947871
0.567	0.947860
0.567	0.947849
0.568	0.947838
0.568	0.947826
0.569	0.947815
0.569	0.947804
0.570	0.947792
0.570	0.947781
0.571	0.947770
0.571	0.947758
0.572	0.947747
0.572	0.947736
0.573	0.947724
0.573	0.947713
0.574	0.947702
0.574	0.947690
0.575	0.947679
0.575	0.947668
0.576	0.947656
0.576	0.947645
0.577	0.947634
0.577	0.947622
0.578	0.947611
0.578	0.947600
0.579	0.947588
0.579	0.947577
0.580	0.947566
0.580	0.947554
0.581	0.947543
0.581	0.947532
0.582	0.947520
0.582	0.947509
0.583	0.947498
0.583	0.947486
0.584	0.947475
0.584	0.947464
0.585	0.947452
0.585	0.947441
0.586	0.947430
0.586	0.947418
0.587	0.947407
0.587	0.947396
0.588	0.947384
0.588	0.947373
0.589	0.947362
0.589	0.947350
0.590	0.947339
0.590	0.947328
0.591	0.947316
0.591	0.947305
0.592	0.947294
0.592	0.947282
0.593	0.947271
0.593	0.947260
0.594	0.947249
0.594	0.947237
0.595	0.947226
0.595	0.947215
0.596	0.947203
0.596	0.947192
0.597	0.947181
0.597	0.947169
0.598	0.947158
0.598	0.947147
0.599	0.947135
0.599	0.947124
0.600	0.947113
0.600	0.947101
0.601	0.947090
0.601	0.947079
0.602	0.947067
0.602	0.947056
0.603	0.947045
0.603	0.947033
0.604	0.947022
0.604	0.947011
0.605	0.946999
0.605	0.946988
0.606	0.946977
0.606	0.946965
0.607	0.946954
0.607	0.946943
0.608	0.946931
0.608	0.946920
0.609	0.946909
0.609	0.946897
0.610	0.946886
0.610	0.946875
0.611	0.946863
0.611	0.946852
0.612	0.946841
0.612	0.946829
0.613	0.946818
0.613	0.946807
0.614	0.946795
0.614	0.946784
0.615	0.946773
0.615	0.946761
0.616	0.946750
0.616	0.946739
0.617	0.946727
0.617	0.946716
0.618	0.946705
0.618	0.946693
0.619	0.946682
0.619	0.946671
0.620	0.946659
0.620	0.946648
0.621	0.946637
0.621	0.946625
0.622	0.946614
0.622	0.946603
0.623	0.946591
0.623	0.946580
0.624	0.946569
0.624	0.946558
0.625	0.946546
0.625	0.946535
0.626	0.946524
0.626	0.946512
0.627	0.946501
0.627	0.946490
0.628	0.946478
0.628	0.946467
0.629	0.946456
0.629	0.946444
0.630	0.946433
0.630	0.946422
0.631	0.946410
0.631	0.946399
0.632	0.946388
0.632	0.946376
0.633	0.946365
0.633	0.946354
0.634	0.946342
0.634	0.946331
0.635	0.946320
0.635	0.946308
0.636	0.946297
0.636	0.946286
0.637	0.946274
0.637	0.946263
0.638	0.946252
0.638	0.946240
0.639	0.946229
0.639	0.946218
0.640	0.946206
0.640	0.946195
0.641	0.946184
0.641	0.946172
0.642	0.946161
0.642	0.946150
0.643	0.946138
0.643	0.946127
0.644	0.946116
0.644	0.946104
0.645	0.946093
0.645	0.946082
0.646	0.946070
0.646	0.946059
0.647	0.946048
0.647	0.946036
0.648	0.946025
0.648	0.946014
0.649	0.946002
0.649	0.945991
0.650	0.945980