5.946900000000000623e-03 6.696650000000000172e-03 1.547321400000000000e+08
6.696650000000000172e-03 7.449200000000000439e-03 5.972481000000000000e+07
7.449200000000000439e-03 8.204649999999999097e-03 2.218757400000000000e+07
8.204649999999999097e-03 8.963899999999998605e-03 8.869932000000000000e+06
8.963899999999998605e-03 9.726099999999999676e-03 3.663684000000000000e+06
9.726099999999999676e-03 1.049204999999999929e-02 1.803924000000000000e+06
1.049204999999999929e-02 1.126190000000000004e-02 1.042661699999999953e+06
1.126190000000000004e-02 1.203555000000000076e-02 8.440010999999999767e+05
1.203555000000000076e-02 1.281509999999999941e-02 4.321997999999999884e+05
1.281509999999999941e-02 1.359844999999999977e-02 6.391845000000000000e+05
1.359844999999999977e-02 1.438765000000000009e-02 5.004369000000000233e+05
1.438765000000000009e-02 1.518275000000000007e-02 2.553433200000000070e+05
1.518275000000000007e-02 1.598259999999999958e-02 2.484483299999999872e+05
1.598259999999999958e-02 1.678934999999999803e-02 2.207501099999999860e+05
1.678934999999999803e-02 1.760290000000000118e-02 2.588133599999999860e+05
1.760290000000000118e-02 1.842334999999999806e-02 2.528782200000000012e+05
1.842334999999999806e-02 1.925060000000000313e-02 3.304665000000000000e+05
1.925060000000000313e-02 2.008565000000000003e-02 3.237705000000000000e+05
2.008565000000000003e-02 2.092760000000000106e-02 1.189136699999999983e+05
2.092760000000000106e-02 2.177834999999999840e-02 1.945876499999999942e+05
2.177834999999999840e-02 2.263789999999999900e-02 1.146587400000000052e+05
2.263789999999999900e-02 2.350635000000000224e-02 2.622877199999999721e+05
2.350635000000000224e-02 2.438354999999999689e-02 1.105428600000000006e+05
2.438354999999999689e-02 2.527064999999999867e-02 1.085910299999999988e+05
2.527064999999999867e-02 2.616749999999999979e-02 1.244230200000000041e+05
2.616749999999999979e-02 2.707419999999999966e-02 3.490398000000000320e+04
2.707419999999999966e-02 2.799174999999999927e-02 8.575416000000000349e+04
2.799174999999999927e-02 2.892010000000000067e-02 6.746463000000000466e+04
2.892010000000000067e-02 2.986024999999999791e-02 8.286542999999999302e+04
2.986024999999999791e-02 3.081125000000000183e-02 4.897637999999999738e+04
3.081125000000000183e-02 3.177499999999999769e-02 3.216104999999999927e+04
3.177499999999999769e-02 3.275059999999999777e-02 4.750569000000000233e+04
3.275059999999999777e-02 3.373999999999999916e-02 1.091283300000000017e+05
3.373999999999999916e-02 3.474219999999999392e-02 7.672130999999999767e+04
3.474219999999999392e-02 3.575719999999999593e-02 7.549497000000000116e+04
3.575719999999999593e-02 3.678690000000000432e-02 8.912457000000000698e+04
3.678690000000000432e-02 3.783084999999999920e-02 2.400568999999999869e+04
3.783084999999999920e-02 4.215955000000000397e-02 1.074214400000000023e+05
4.215955000000000397e-02 4.675290000000000001e-02 3.864665000000000146e+04
4.675290000000000001e-02 5.163874999999999715e-02 5.246654000000000087e+04
5.163874999999999715e-02 5.684954999999999870e-02 3.872669000000000233e+04
5.684954999999999870e-02 6.241659999999999570e-02 3.240777000000000044e+04
6.241659999999999570e-02 6.837494999999998990e-02 2.350975999999999840e+04
6.837494999999998990e-02 7.476334999999999231e-02 3.438226999999999680e+04
7.476334999999999231e-02 8.162025000000000530e-02 2.593486000000000058e+04
8.162025000000000530e-02 8.898999999999999966e-02 2.177315999999999985e+04
8.898999999999999966e-02 9.691769999999999552e-02 1.003147999999999956e+04
9.691769999999999552e-02 1.054548500000000028e-01 4.743909999999999854e+03
1.054548500000000028e-01 1.146528500000000006e-01 1.525362999999999920e+04
1.146528500000000006e-01 1.245708000000000093e-01 1.180855999999999949e+04
1.245708000000000093e-01 1.352713000000000110e-01 9.329299999999999272e+03
1.352713000000000110e-01 1.468204999999999927e-01 3.509429999999999836e+03
1.468204999999999927e-01 1.592914500000000011e-01 1.137688999999999942e+04
1.592914500000000011e-01 1.727633500000000100e-01 9.029379999999999200e+03
1.727633500000000100e-01 1.873182499999999917e-01 1.393279999999999973e+03
1.873182499999999917e-01 2.030498000000000025e-01 2.579159999999999854e+03
2.030498000000000025e-01 2.200562500000000088e-01 4.684100000000000364e+03
2.200562500000000088e-01 2.384438999999999864e-01 1.021220000000000027e+03
2.384438999999999864e-01 2.583278999999999992e-01 5.107029999999999745e+03
2.583278999999999992e-01 2.798337499999999922e-01 8.736100000000000136e+02
2.798337499999999922e-01 3.030962999999999852e-01 2.555469999999999800e+03
3.030962999999999852e-01 3.282617999999999925e-01 3.915690000000000055e+03
3.282617999999999925e-01 3.554885999999999879e-01 7.461900000000000546e+02
3.554885999999999879e-01 3.849469500000000100e-01 3.393860000000000127e+03
3.849469500000000100e-01 4.168216000000000143e-01 2.497969999999999800e+03
4.168216000000000143e-01 4.513099999999999890e-01 5.878500000000000227e+02
4.513099999999999890e-01 4.886344000000000243e-01 1.086079999999999927e+03
4.886344000000000243e-01 5.290255999999999847e-01 1.890420000000000073e+03
5.290255999999999847e-01 5.727383500000000627e-01 1.353240000000000009e+03
5.727383500000000627e-01 6.200454500000001090e-01 8.543300000000000409e+02
6.200454500000001090e-01 6.712466999999999739e-01 1.577470000000000027e+03
6.712466999999999739e-01 7.266629000000000005e-01 1.091720000000000027e+03
7.266629000000000005e-01 7.866392500000000121e-01 3.359300000000000068e+02
7.866392500000000121e-01 8.515526999999999402e-01 1.478609999999999900e+03
8.515526999999999402e-01 9.218115000000000059e-01 5.720199999999999818e+02
9.218115000000000059e-01 9.978560499999999944e-01 2.638600000000000136e+02
9.978560499999999944e-01 1.080170099999999911e+00 9.362300000000000182e+02
1.080170099999999911e+00 1.169258050000000049e+00 1.087630000000000109e+03
1.169258050000000049e+00 1.265691800000000145e+00 8.121699999999999591e+02
1.265691800000000145e+00 1.370070200000000016e+00 2.084969999999999800e+03
1.370070200000000016e+00 1.483048300000000097e+00 1.758499999999999943e+02
1.483048300000000097e+00 1.605334949999999816e+00 9.605000000000000000e+02
1.605334949999999816e+00 1.737699649999999929e+00 4.481399999999999864e+02
1.737699649999999929e+00 1.880974350000000017e+00 4.131700000000000159e+02
1.880974350000000017e+00 2.036053949999999890e+00 6.142799999999999727e+02
2.036053949999999890e+00 2.203917199999999799e+00 2.335999999999999943e+02
2.203917199999999799e+00 2.385616949999999736e+00 1.075400000000000063e+02
2.385616949999999736e+00 2.582293449999999879e+00 3.728600000000000136e+02
2.582293449999999879e+00 2.795176450000000035e+00 4.555699999999999932e+02
2.795176450000000035e+00 3.025609650000000261e+00 3.285600000000000023e+02
3.025609650000000261e+00 3.275036150000000035e+00 3.080699999999999932e+02
3.275036150000000035e+00 3.545020150000000037e+00 2.831800000000000068e+02
3.545020150000000037e+00 3.837251350000000283e+00 5.995000000000000284e+01
3.837251350000000283e+00 4.153574650000000368e+00 0.000000000000000000e+00
4.153574650000000368e+00 4.496005750000000134e+00 1.096599999999999966e+02
4.496005750000000134e+00 4.866601900000000036e+00 1.007099999999999937e+02
4.866601900000000036e+00 5.267794400000000543e+00 9.237000000000000455e+01
5.267794400000000543e+00 5.702051199999999653e+00 4.242000000000000171e+01
5.702051199999999653e+00 6.172067600000000098e+00 3.459200000000000159e+02
6.172067600000000098e+00 6.680869699999999689e+00 1.745600000000000023e+02
6.680869699999999689e+00 7.231602249999999898e+00 1.274500000000000028e+02
7.231602249999999898e+00 7.827706450000000871e+00 1.460999999999999943e+02
7.827706450000000871e+00 8.472994999999999166e+00 2.129600000000000080e+02
8.472994999999999166e+00 9.171434699999998941e+00 1.219300000000000068e+02
9.171434699999998941e+00 9.927439849999998955e+00 1.281200000000000045e+02
9.927439849999998955e+00 1.074579579999999979e+01 1.465660000000000082e+03
1.074579579999999979e+01 1.163162819999999975e+01 1.080400000000000063e+02
1.163162819999999975e+01 1.259043604999999921e+01 4.982000000000000028e+01
1.259043604999999921e+01 1.362827844999999982e+01 1.242600000000000051e+02
1.362827844999999982e+01 1.475169950000000085e+01 8.218999999999999773e+01
1.475169950000000085e+01 1.596773210000000098e+01 8.840000000000000568e+01
1.596773210000000098e+01 1.728396990000000244e+01 3.474000000000000199e+01
