0.16055595	0.18081205	5730820
0.18081185	0.20113615	2212030
0.20113675	0.22153725	821762
0.22153655	0.24202145	328516
0.2420223	0.2625997	135692
0.26259895	0.28327705	66812
0.2832775	0.3040645	38617.1
0.30406395	0.32496805	31259.3
0.32496825	0.34599775	16007.4
0.34599835	0.36716165	23673.5
0.36716125	0.38846675	18534.7
0.38846695	0.40992305	9457.16
0.40992245	0.43153755	9201.79
0.4315376	0.4533204	8175.93
0.45332045	0.47527955	9585.68
0.47528	0.497424	9365.86
0.49742415	0.51976185	12239.5
0.5197619	0.5423021	11991.5
0.5423022	0.5650538	4404.21
0.565053	0.588025	7206.95
0.58802525	0.61122675	4246.62
0.61122695	0.63466705	9714.36
0.634667	0.658355	4094.18
0.6583554	0.6823006	4021.89
0.6823001	0.7065119	4608.26
0.706512	0.731	1292.74
0.73100005	0.75577395	3176.08
0.75577425	0.78084375	2498.69
0.78084355	0.80621845	3069.09
0.8062188	0.8319092	1813.94
0.83190905	0.85792495	1191.15
0.85792515	0.88427685	1759.47
0.88427605	0.91097395	4041.79
0.9109747	0.9380293	2841.53
0.93802905	0.96545095	2796.11
0.965451	0.993251	3300.91
0.9932555	1.0214445	2705.51
1.02143545	1.05002455	2128.33
1.0500298	1.0790302	2092.38
1.07902845	1.10845155	3599.02
1.1084513	1.1383087	4041.95
1.13830825	1.16861175	496.391
1.1686093	1.1993707	975.187
1.1993743	1.2306057	478.856
1.23060315	1.26231685	2350.91
1.2623158	1.2945242	461.577
1.2945321	1.3272479	1812.18
1.327242	1.360478	1333.76
1.3604754	1.3942446	2186.59
1.3942521	1.4285679	3012.47
1.4285621	1.4634379	846.884
1.4634453	1.4988947	416.59
1.4988915	1.5349285	0
1.5349306	1.5715694	403.067
1.57156255	1.60881745	1585.6
1.6088172	1.6467028	1169.4
1.6467044	1.6852356	383.27
1.685234	1.724426	376.809
1.72442595	1.76429405	740.837
1.7643001	1.8048599	1092.3
1.80485625	1.84612375	357.857
1.84612435	1.88811565	1406.75
1.8881142	1.9308458	1036.79
1.93084565	1.97433435	679.158
1.97433855	2.01860145	667.28
2.0186028	2.0636572	655.557
2.0636582	2.1095218	965.987
2.10951465	2.15620535	316.291
2.1562119	2.2037481	931.997
2.2037398	2.2521402	915.357
2.25214825	2.30143175	599.303
2.30142705	2.35161295	588.526
2.35161595	2.40272405	288.954
2.40272485	2.45477515	283.723
2.45477355	2.50778645	557.143
2.50778185	2.56177815	0
2.5617796	2.6167804	268.503
2.6167865	2.6728135	263.585
2.67281245	2.72988755	0
2.7298872	2.7880328	253.981
2.78803055	2.84726945	0
2.8472723	2.9076277	244.682
2.9076222	2.9691178	720.435
2.96912	3.03178	471.365
3.03177555	3.09562445	231.294
3.0956286	3.1606914	680.936
3.16068885	3.22699115	0
3.22699615	3.29456385	0
3.29456015	3.36341985	643.39
3.3634207	3.4335993	210.433
3.43359745	3.50512255	412.942
3.50512015	3.57801985	202.578
3.5780286	3.6523314	198.753
3.65233245	3.72806755	194.994
3.7280615	3.8052585	0
3.80525535	3.88394465	187.673
3.8839538	3.9641662	0
3.96415655	4.04592345	541.828
4.04592325	4.12927675	177.171
4.12928355	4.21425645	521.385
4.21425725	4.30088275	0
4.30088395	4.38919605	501.679
4.38919335	4.47922665	328.077
4.47922505	4.57101495	160.909
4.5710188	4.6646012	0
4.66459415	4.76000585	0
4.76001085	4.85728915	151.858
4.8572884	4.9564716	0
4.9564665	5.0575935	0
5.057595	5.160705	143.296
5.160713	5.265847	0
5.2658405	5.3730395	137.849
5.373037	5.482343	0
5.482352	5.593808	132.603
5.593805	5.707455	0
5.707456	5.823344	255.101
5.823344	5.941516	125.095
5.941509	6.062011	0
6.0620105	6.1848895	0
6.184898	6.310202	0
6.3102005	6.4379795	115.726
6.437978	6.568282	113.493
6.5682805	6.7011595	222.605
6.7011565	6.8366635	218.306
6.836666	6.974854	0
6.974858	7.115782	0
7.115773	7.259487	0
7.2594895	7.4060505	0
7.4060575	7.5555225	99.0049
7.555516	7.707944	97.0898
7.7079445	7.8633955	0
7.8633925	8.0219275	93.3688
8.02193	8.18361	91.5611
8.183615	8.348505	0
8.348498	8.516662	88.0089
8.5166685	8.6881715	172.568
8.6881645	8.8630755	169.184
8.863077	9.041463	0
9.041464	9.223396	81.3049
9.2233955	9.4089445	0
9.4089505	9.5981895	0
9.5981885	9.7911915	0
9.791189	9.988031	225.308
9.9880205	10.1887795	73.6262
10.1888225	10.3935775	72.1783
10.3935845	10.6024155	0
10.6024055	10.8153945	138.732
10.815385	11.032615	68.0003
11.032622	11.254178	66.6613
11.254115	11.480085	0
11.480164	11.710636	0
11.710568	11.945632	62.7978
11.9456255	12.1853745	0
12.1854365	12.4299635	120.691
12.429899	12.679301	0
12.679313	12.933687	0
12.933677	13.193123	0
13.19319	13.45781	0
13.457751	13.727649	54.6194
13.7276595	14.0029405	0
14.002914	14.283686	157.445
14.283713	14.570087	51.4442
14.570056	14.862144	50.4267
14.862142	15.160058	0
15.1600695	15.4639305	48.4509
15.4639375	15.7738625	0
15.7738445	16.0899555	0
16.0899895	16.4124105	91.2583
16.4123715	16.7412285	0
16.741289	17.076711	43.8386
17.0767405	17.4188595	42.9694
17.418825	17.767775	84.2343
17.767741	18.123659	0
18.1236875	18.4867125	0
18.4866625	18.8569375	0
18.856965	19.234635	116.614
19.2346935	19.6199065	0
19.6198465	20.0127535	0
20.0128225	20.4135775	36.5998
20.41352	20.82228	0
20.822337	21.239263	0
21.2391725	21.6644275	34.4588
21.6644245	22.0981755	0
22.0981915	22.5406085	33.1003
22.540672	22.991928	97.3228
22.9918635	23.4521365	0
23.452165	23.921635	62.3213
23.9216745	24.4005255	0
24.4004905	24.8889095	0
24.88891	25.38709	0
25.387132	25.895268	28.747
25.895255	26.413545	0
26.4134755	26.9421245	0
26.942193	27.481407	27.058
27.4814045	28.0313955	26.5169
28.031408	28.592392	0
28.5924015	29.1645985	50.9325
29.164583	29.748217	0
29.74815	30.34345	24.4564
30.3435005	30.9506995	47.9325
30.9506315	31.5699685	46.9715
31.5700415	32.2017585	46.0293
32.2017275	32.8460725	0
32.846087	33.503313	22.0999
33.5033175	34.1736825	21.656
34.173717	34.857483	84.883
34.857482	35.554918	83.1761
35.5549105	36.2662895	40.7514
36.2662995	36.9919005	19.9656
36.9918465	37.7319535	0
37.731948	38.486852	0
38.4869015	39.2568985	18.7828
39.256904	40.042296	0
40.0422525	40.8433475	36.065
40.843344	41.660456	17.6683
41.6604755	42.4939245	34.6226
42.4939435	43.3440565	16.9613
43.3440445	44.2111555	0
44.2111755	45.0956245	16.2818
45.0955335	45.9976665	31.904
45.997714	46.917886	0
46.9179145	47.8564855	15.3117
47.856431	48.813769	30.0019
48.8137595	49.7902405	0
49.790297	50.786303	0
50.78624	51.80216	0
51.80218	52.83842	13.8179
52.83842	53.89538	27.0729
53.895355	54.973445	26.5212
54.973475	56.073125	0
56.07318	57.19482	25.4501
57.194765	58.338835	0
58.338825	59.505775	0
59.50576	60.69604	0
60.696055	61.910145	11.7157
61.910215	63.148585	0
63.148535	64.411665	0
64.411705	65.700095	11.0097
65.700025	67.014175	0
67.014185	68.354615	0
68.35468	69.72192	31.0334
69.72191	71.11649	30.3943
71.116465	72.538935	9.92257
72.53894	73.98986	9.71783
73.989835	75.469765	0
75.469735	76.979265	9.32037
76.97934	78.51906	9.1275
78.519045	80.089555	8.93844
80.08954	81.69146	8.7531
81.691425	83.325375	8.57142
83.325385	84.992015	8.39333
84.99202	86.69198	16.4375
86.69202	88.42598	0
88.425985	90.194615	7.87986
90.1946	91.9986	7.71543
91.99856	93.83864	15.1085
93.83866	95.71554	0
95.71549	97.62991	0
97.62995	99.58265	0
99.583125	101.574875	0
101.574205	103.605795	6.79487
103.60589	105.67811	0
105.67817	107.79183	0
107.792035	109.947965	0
109.947475	112.146525	0
112.146485	114.389515	0
114.39006	116.67794	5.9784
116.67818	119.01182	5.85161
119.011845	121.392155	0
121.39204	123.81996	5.60553
123.819765	126.296235	0
126.296	128.822	5.36913
128.82174	131.39826	0
131.398975	134.027025	5.14205
134.026695	136.707305	0
136.70689	139.44111	4.92392
139.44155	142.23045	0
142.23066	145.07534	4.7144
145.075215	147.976785	0
147.9762	150.9358	0
150.936605	153.955395	0
153.955415	157.034585	8.63976
157.034625	160.175375	12.6784
160.17522	163.37878	12.4028
163.378185	166.645815	4.04423
166.64651	169.97949	0
169.97918	173.37882	7.73909
173.379185	176.846815	7.56965
176.84651	180.38349	3.70181
180.38314	183.99086	3.62046
183.99106	187.67094	7.0815
187.671265	191.424735	0
191.42473	195.25327	3.38612
195.253445	199.158555	0
199.158395	203.141605	9.713
203.14156	207.20444	3.16568
207.203935	211.348065	3.09516
211.348495	215.575505	9.07819
215.575225	219.886775	5.91674
219.88711	224.28489	2.89205
224.28513	228.77087	5.65415
228.770275	233.345725	2.76343
233.34552	238.01248	5.40215
238.01285	242.77315	2.63999
242.77325	247.62875	2.58016
247.628695	252.581305	0
252.58117	257.63283	0
257.63265	262.78535	4.81583
262.785125	268.040875	9.41136
268.04157	273.40243	13.7934
273.40196	278.87004	60.6437
278.87028	284.44772	63.6353
284.447505	290.136495	21.4365
290.136615	295.939385	4.18804
295.93959	301.85841	0
301.8584	307.8956	1.99783
307.89603	314.05397	5.85371
314.05345	320.33455	0
320.33464	326.74136	3.72186
326.74157	333.27643	0
333.276225	339.941775	1.77436
339.94157	346.74043	6.92971
346.74058	353.67542	1.69138
353.67523	360.74877	4.95358
360.748495	367.963505	0
367.964345	375.323655	3.1467
375.323755	382.830245	0
382.82969	390.48631	2.99754
390.486125	398.295875	2.92533
398.296025	406.261975	2.85466
406.262365	414.387635	2.7855
414.387115	422.674885	2.71782
422.675235	431.128765	1.3258
431.1287	439.7513	1.2934
439.751475	448.546525	1.26169
448.546525	457.517475	1.23068
457.516815	466.667185	0
466.667315	476.000685	2.34129
476.00098	485.52102	4.56643
485.52078	495.23122	2.22641