0   212.35664447187222   588804.2185216121
1   228.84634726814565   228581.19323863162
2   245.3360500644191   130276.4889289364
3   261.82575286069255   97166.91838018487
4   278.315455656966   75662.76431243905
5   294.8051584532394   63716.01205258024
6   311.29486124951285   51427.92401386834
7   327.7845640457863   37091.82130203778
8   344.2742668420598   35271.363814821205
9   360.76396963833315   27989.53386595489
10   377.25367243460664   25145.069042178988
11   393.7433752308801   20593.925324137545
12   410.2330780271535   20025.032359382363
13   426.72278082342694   16156.560199047133
14   443.2124836197004   15132.552862487808
15   459.70218641597387   13312.095375271228
16   476.19188921224725   9784.958993789109
17   492.68159200852074   9784.958993789109
18   509.1712948047941   9216.066029033927
19   525.6609976010676   9216.066029033927
20   542.150700397341   7736.944320670458
21   558.6404031936145   7623.165727719422
22   575.130105989888   7054.272762964241
23   591.6198087861613   7509.387134768386
24   608.1095115824348   6030.265426404916
25   624.5992143787082   7054.272762964241
26   641.0889171749817   5575.151054600771
27   657.5786199712551   6940.494170013205
28   674.0683227675286   5802.708240502843
29   690.5580255638021   5575.151054600771
30   707.0477283600754   6030.265426404916
31   723.5374311563489   6485.37979820906
32   740.0271339526223   4892.479496894554
33   756.5168367488958   6030.265426404916
34   773.0065395451692   4551.143718041446
35   789.4962423414427   5347.593868698699
36   805.985945137716   3754.693567384193
37   822.4756479339895   4437.3651250904095
38   838.9653507302629   3754.693567384193
39   855.4550535265364   3640.9149744331567
40   871.9447563228098   4209.8079391883375
41   888.4344591190833   2730.6862308248674
42   904.9241619153568   3982.250753286265
43   921.4138647116301   3982.250753286265
44   937.9035675079036   3527.1363814821207
45   954.393270304177   3072.022009677976
46   970.8829731004505   3413.357788531084
47   987.3726758967239   2958.24341672694
48   1003.8623786929974   2503.1290449227954
49   1020.3520814892709   2161.793266069687
50   1036.8417842855442   2161.793266069687
51   1053.3314870818178   4209.8079391883375
52   1069.8211898780912   3185.8006026290122
53   1086.3108926743646   2503.1290449227954
54   1102.800595470638   3185.8006026290122
55   1119.2902982669116   2844.464823775904
56   1135.780001063185   3754.693567384193
57   1152.2697038594583   2389.350451971759
58   1168.759406655732   3185.8006026290122
59   1185.2491094520053   3413.357788531084
60   1201.7388122482787   2844.464823775904
61   1218.228515044552   2730.6862308248674
62   1234.7182178408257   2616.9076378738314
63   1251.207920637099   1934.2360801676145
64   1267.6976234333724   1820.4574872165783
65   1284.1873262296458   3185.8006026290122
66   1300.6770290259194   2616.9076378738314
67   1317.1667318221928   1479.12170836347
68   1333.6564346184662   1706.678894265542
69   1350.1461374147395   2958.24341672694
70   1366.6358402110131   1479.12170836347
71   1383.1255430072865   2616.9076378738314
72   1399.61524580356   2730.6862308248674
73   1416.1049485998335   2048.0146731186505
74   1432.5946513961069   2503.1290449227954
75   1449.0843541923803   2616.9076378738314
76   1465.5740569886536   1934.2360801676145
77   1482.0637597849272   2161.793266069687
78   1498.5534625812006   2958.24341672694
79   1515.043165377474   2958.24341672694
80   1531.5328681737474   1706.678894265542
81   1548.022570970021   2161.793266069687
82   1564.5122737662944   2958.24341672694
83   1581.0019765625677   2503.1290449227954
84   1597.4916793588413   2616.9076378738314
85   1613.9813821551147   2161.793266069687
86   1630.471084951388   2616.9076378738314
87   1646.9607877476615   2389.350451971759
88   1663.450490543935   2958.24341672694
89   1679.9401933402085   2389.350451971759
90   1696.4298961364818   2161.793266069687
91   1712.9195989327554   2730.6862308248674
92   1729.4093017290288   1820.4574872165783
93   1745.8990045253022   1820.4574872165783
94   1762.3887073215756   2389.350451971759
95   1778.8784101178492   1820.4574872165783
96   1795.3681129141225   2616.9076378738314
97   1811.857815710396   1820.4574872165783
98   1828.3475185066695   2161.793266069687
99   1844.837221302943   2161.793266069687
100   1861.3269240992163   2048.0146731186505
101   1877.8166268954897   2048.0146731186505
102   1894.3063296917633   2275.571859020723
103   1910.7960324880366   1706.678894265542
104   1927.28573528431   1934.2360801676145
105   1943.7754380805836   2616.9076378738314
106   1960.265140876857   1479.12170836347
107   1976.7548436731304   1706.678894265542
108   1993.2445464694038   2389.350451971759
109   2009.7342492656774   2161.793266069687
110   2026.2239520619507   1934.2360801676145
111   2042.7136548582241   2616.9076378738314
112   2059.2033576544977   1934.2360801676145
113   2075.693060450771   1592.9003013145061
114   2092.1827632470445   2275.571859020723
115   2108.672466043318   2503.1290449227954
116   2125.1621688395917   1365.3431154124337
117   2141.651871635865   2048.0146731186505
118   2158.1415744321384   1820.4574872165783
119   2174.631277228412   1592.9003013145061
120   2191.120980024685   2048.0146731186505
121   2207.6106828209586   1820.4574872165783
122   2224.100385617232   1820.4574872165783
123   2240.590088413506   1934.2360801676145
124   2257.079791209779   1820.4574872165783
125   2273.5694940060525   2275.571859020723
126   2290.059196802326   1706.678894265542
127   2306.5488995985993   1592.9003013145061
128   2323.0386023948727   2161.793266069687
129   2339.528305191146   1479.12170836347
130   2356.0180079874194   2616.9076378738314
131   2372.507710783693   1934.2360801676145
132   2388.9974135799666   1592.9003013145061
133   2405.48711637624   2275.571859020723
134   2421.9768191725134   2275.571859020723
135   2438.4665219687868   1706.678894265542
136   2454.95622476506   1706.678894265542
137   2471.4459275613335   3185.8006026290122
138   2487.935630357607   1592.9003013145061
139   2504.4253331538807   2048.0146731186505
140   2520.915035950154   2275.571859020723
141   2537.4047387464275   1251.5645224613977
142   2553.894441542701   2844.464823775904
143   2570.3841443389742   1706.678894265542
144   2586.8738471352476   2048.0146731186505
145   2603.363549931521   1251.5645224613977
146   2619.853252727795   1251.5645224613977
147   2636.342955524068   1820.4574872165783
148   2652.8326583203416   1706.678894265542
149   2669.322361116615   1706.678894265542
150   2685.8120639128883   1706.678894265542
151   2702.3017667091617   2616.9076378738314
152   2718.791469505435   3185.8006026290122
153   2735.281172301709   910.2287436082892
154   2751.7708750979823   910.2287436082892
155   2768.2605778942557   1251.5645224613977
156   2784.750280690529   2161.793266069687
157   2801.2399834868024   1706.678894265542
158   2817.729686283076   2389.350451971759
159   2834.219389079349   1820.4574872165783
160   2850.7090918756226   1365.3431154124337
161   2867.1987946718964   1479.12170836347
162   2883.6884974681698   1706.678894265542
163   2900.178200264443   1934.2360801676145
164   2916.6679030607165   2161.793266069687
165   2933.15760585699   1592.9003013145061
166   2949.6473086532633   1251.5645224613977
167   2966.1370114495367   1592.9003013145061
168   2982.6267142458105   1592.9003013145061
169   2999.116417042084   2503.1290449227954
170   3015.6061198383572   1706.678894265542
171   3032.0958226346306   1592.9003013145061
172   3048.585525430904   1251.5645224613977
173   3065.0752282271774   2048.0146731186505
174   3081.5649310234508   1820.4574872165783
175   3098.0546338197246   1137.7859295103615
176   3114.544336615998   1706.678894265542
177   3131.0340394122713   1479.12170836347
178   3147.5237422085447   1592.9003013145061
179   3164.013445004818   1137.7859295103615
180   3180.5031478010915   1137.7859295103615
181   3196.992850597365   1706.678894265542
182   3213.4825533936387   1479.12170836347
183   3229.972256189912   568.8929647551807
184   3246.4619589861854   1479.12170836347
185   3262.951661782459   1479.12170836347
186   3279.441364578732   1820.4574872165783
187   3295.9310673750056   1479.12170836347
188   3312.420770171279   1706.678894265542
189   3328.910472967553   1479.12170836347
190   3345.400175763826   1479.12170836347
191   3361.8898785600995   1592.9003013145061
192   3378.379581356373   1024.0073365593253
193   3394.8692841526463   1706.678894265542
194   3411.3589869489197   1137.7859295103615
195   3427.848689745193   1365.3431154124337
196   3444.338392541467   1251.5645224613977
197   3460.8280953377403   1365.3431154124337
198   3477.3177981340136   1706.678894265542
199   3493.807500930287   1365.3431154124337
200   3510.2972037265604   1934.2360801676145
201   3526.7869065228338   1479.12170836347
202   3543.276609319107   1706.678894265542
203   3559.766312115381   796.4501506572531
204   3576.2560149116543   1934.2360801676145
205   3592.7457177079277   1251.5645224613977
206   3609.235420504201   1137.7859295103615
207   3625.7251233004745   1365.3431154124337
208   3642.214826096748   1820.4574872165783
209   3658.7045288930212   1365.3431154124337
210   3675.194231689295   1137.7859295103615
211   3691.6839344855684   1479.12170836347
212   3708.173637281842   1365.3431154124337
213   3724.663340078115   1592.9003013145061
214   3741.1530428743886   1251.5645224613977
215   3757.642745670662   1024.0073365593253
216   3774.1324484669353   1820.4574872165783
217   3790.622151263209   1365.3431154124337
218   3807.1118540594825   1251.5645224613977
219   3823.601556855756   1820.4574872165783
220   3840.0912596520293   1479.12170836347
221   3856.5809624483027   1592.9003013145061
222   3873.070665244576   2161.793266069687
223   3889.5603680408494   1137.7859295103615
224   3906.0500708371233   2503.1290449227954
225   3922.5397736333966   1934.2360801676145
226   3939.02947642967   2048.0146731186505
227   3955.5191792259434   1706.678894265542
228   3972.0088820222168   2048.0146731186505
229   3988.49858481849   1592.9003013145061
230   4004.9882876147635   1592.9003013145061
231   4021.477990411037   2048.0146731186505
232   4037.9676932073107   1479.12170836347
233   4054.457396003584   1024.0073365593253
234   4070.9470987998575   1365.3431154124337
235   4087.436801596131   1365.3431154124337
236   4103.926504392404   1024.0073365593253
237   4120.416207188678   1820.4574872165783
238   4136.905909984951   682.6715577062168
239   4153.395612781225   1706.678894265542
240   4169.885315577499   2389.350451971759
241   4186.375018373772   1479.12170836347
242   4202.864721170045   1251.5645224613977
243   4219.354423966319   1706.678894265542
244   4235.844126762592   1820.4574872165783
245   4252.333829558866   2275.571859020723
246   4268.823532355139   1820.4574872165783
247   4285.313235151412   1024.0073365593253
248   4301.802937947686   2958.24341672694
249   4318.29264074396   2161.793266069687
250   4334.782343540233   2503.1290449227954
251   4351.272046336507   2389.350451971759
252   4367.76174913278   2730.6862308248674
253   4384.2514519290535   1592.9003013145061
254   4400.741154725327   3072.022009677976
255   4417.2308575216   2161.793266069687
256   4433.720560317874   2503.1290449227954
257   4450.210263114147   1706.678894265542
258   4466.69996591042   1137.7859295103615
259   4483.189668706694   1820.4574872165783
260   4499.679371502967   2161.793266069687
261   4516.1690742992405   1706.678894265542
262   4532.658777095514   1820.4574872165783
263   4549.148479891787   1592.9003013145061
264   4565.6381826880615   1365.3431154124337
265   4582.127885484335   682.6715577062168
266   4598.617588280608   910.2287436082892
267   4615.107291076882   1592.9003013145061
268   4631.596993873155   1024.0073365593253
269   4648.086696669428   1024.0073365593253
270   4664.576399465702   796.4501506572531
271   4681.066102261975   1479.12170836347
272   4697.555805058249   1251.5645224613977
273   4714.045507854522   1592.9003013145061
274   4730.535210650795   1592.9003013145061
275   4747.024913447069   2161.793266069687
276   4763.514616243342   1592.9003013145061
277   4780.004319039615   1592.9003013145061
278   4796.49402183589   1592.9003013145061
279   4812.983724632163   1592.9003013145061
280   4829.4734274284365   1592.9003013145061
281   4845.96313022471   1934.2360801676145
282   4862.452833020983   2503.1290449227954
283   4878.942535817257   2730.6862308248674
284   4895.43223861353   2503.1290449227954
285   4911.921941409803   2958.24341672694
286   4928.411644206077   2161.793266069687
287   4944.90134700235   2048.0146731186505
288   4961.3910497986235   2389.350451971759
289   4977.880752594897   2275.571859020723
290   4994.37045539117   2048.0146731186505
291   5010.860158187444   1820.4574872165783
292   5027.349860983718   2389.350451971759
293   5043.839563779991   1479.12170836347
294   5060.329266576265   2503.1290449227954
295   5076.818969372538   1820.4574872165783
296   5093.308672168811   3072.022009677976
297   5109.798374965085   2161.793266069687
298   5126.288077761358   2161.793266069687
299   5142.777780557632   2503.1290449227954
300   5159.267483353905   1365.3431154124337
301   5175.757186150178   2275.571859020723
302   5192.246888946452   2503.1290449227954
303   5208.736591742725   1479.12170836347
304   5225.226294538998   1934.2360801676145
305   5241.715997335272   2616.9076378738314
306   5258.205700131546   2161.793266069687
307   5274.6954029278195   2616.9076378738314
308   5291.185105724093   3072.022009677976
309   5307.674808520366   2503.1290449227954
310   5324.16451131664   2844.464823775904
311   5340.654214112913   3527.1363814821207
312   5357.143916909186   2958.24341672694
313   5373.63361970546   3413.357788531084
314   5390.123322501733   3185.8006026290122
315   5406.6130252980065   2503.1290449227954
316   5423.10272809428   3754.693567384193
317   5439.592430890553   2844.464823775904
318   5456.082133686827   3072.022009677976
319   5472.5718364831   2730.6862308248674
320   5489.061539279373   3868.472160335229
321   5505.551242075648   6144.044019355952
322   5522.040944871921   5916.48683345388
323   5538.530647668194   5916.48683345388
324   5555.020350464468   9898.737586740144
325   5571.510053260741   12401.86663166294
326   5587.999756057015   18204.574872165784
327   5604.489458853288   30265.105724975616
328   5620.979161649561   43122.0867284427
329   5637.468864445835   71452.9563732507
330   5653.958567242108   108089.66330348434
331   5670.448270038381   166799.41726621898
332   5686.937972834655   242575.96017160907
333   5703.427675630928   359540.3537252742
334   5719.917378427202   508021.4175263764
335   5736.407081223476   680282.2072542452
336   5752.896784019749   877688.0660242928
337   5769.386486816023   1121288.0335324612
338   5785.876189612296   1328820.1870751511
339   5802.365892408569   1540562.1485570294
340   5818.855595204843   1680054.7035149997
341   5835.345298001116   1778359.407824695
342   5851.8350007973895   1783024.3301356875
343   5868.324703593663   1736943.9999905177
344   5884.814406389936   1585959.8071444929
345   5901.30410918621   1364660.4438547275
346   5917.793811982483   1144840.2022733258
347   5934.283514778756   924337.2891342177
348   5950.77321757503   710547.3129792208
349   5967.262920371304   514506.79732458544
350   5983.752623167577   365911.95493053226
351   6000.242325963851   244623.97484472772
352   6016.732028760124   166230.52430146383
353   6033.221731556398   105586.53425856154
354   6049.711434352671   66446.69828340512
355   6066.201137148944   43235.865321393736
356   6082.690839945218   26624.190750542457
357   6099.180542741491   22755.71859020723
358   6115.6702455377645   19228.58220872511
359   6132.159948334038   18432.132058067855
360   6148.649651130311   21959.26843954998
361   6165.139353926585   28558.426830710072
362   6181.629056722858   38002.05004564607
363   6198.118759519132   51655.48119977041
364   6214.608462315406   71908.07074505485
365   6231.098165111679   94550.01074231105
366   6247.587867907952   137330.76169190064
367   6264.077570704226   183297.31324411923
368   6280.567273500499   230060.3149469951
369   6297.0569762967725   297872.3563458126
370   6313.546679093046   380134.27904941177
371   6330.036381889319   477642.5332084498
372   6346.526084685593   528387.7856646118
373   6363.015787481866   606212.3432431206
374   6379.505490278139   682330.2219273638
375   6395.995193074413   705882.3906682283
376   6412.484895870686   703379.2616233055
377   6428.97459866696   685402.2439370417
378   6445.464301463234   641256.1498720397
379   6461.954004259507   568665.4075692786
380   6478.443707055781   490385.7356189658
381   6494.933409852054   417681.2147232537
382   6511.423112648327   329844.1409650538
383   6527.912815444601   250881.7974570347
384   6544.402518240874   185914.22088199307
385   6560.8922210371475   135055.1898328799
386   6577.381923833421   91819.32451148618
387   6593.871626629694   56434.18210371393
388   6610.361329425968   37546.93567384193
389   6626.851032222241   27989.53386595489
390   6643.340735018514   14563.659897732627
391   6659.830437814788   9557.401807887036
392   6676.320140611062   5575.151054600771
393   6692.809843407335   5347.593868698699
394   6709.299546203609   4096.029346237301
395   6725.789248999882   2616.9076378738314
396   6742.2789517961555   2048.0146731186505
397   6758.768654592429   1706.678894265542
398   6775.258357388702   2275.571859020723
399   6791.748060184976   1934.2360801676145
400   6808.237762981249   1365.3431154124337
401   6824.727465777522   1592.9003013145061
402   6841.217168573796   1251.5645224613977
403   6857.706871370069   1820.4574872165783
404   6874.1965741663425   1820.4574872165783
405   6890.686276962616   1820.4574872165783
406   6907.17597975889   1365.3431154124337
407   6923.665682555164   1251.5645224613977
408   6940.155385351437   1934.2360801676145
409   6956.64508814771   2161.793266069687
410   6973.134790943984   1024.0073365593253
411   6989.624493740257   1820.4574872165783
412   7006.1141965365305   1820.4574872165783
413   7022.603899332804   1592.9003013145061
414   7039.093602129077   1706.678894265542
415   7055.583304925351   1479.12170836347
416   7072.073007721624   2275.571859020723
417   7088.562710517897   1137.7859295103615
418   7105.052413314171   1024.0073365593253
419   7121.542116110444   1706.678894265542
420   7138.031818906718   1251.5645224613977
421   7154.521521702992   1251.5645224613977
422   7171.011224499265   2161.793266069687
423   7187.5009272955385   1137.7859295103615
424   7203.990630091812   2048.0146731186505
425   7220.480332888085   1365.3431154124337
426   7236.970035684359   1137.7859295103615
427   7253.459738480632   1479.12170836347
428   7269.949441276905   1137.7859295103615
429   7286.439144073179   1479.12170836347
430   7302.928846869452   1934.2360801676145
431   7319.418549665726   2503.1290449227954
432   7335.908252461999   1024.0073365593253
433   7352.397955258272   1251.5645224613977
434   7368.887658054547   1820.4574872165783
435   7385.37736085082   910.2287436082892
436   7401.867063647093   1706.678894265542
437   7418.356766443367   1251.5645224613977
438   7434.84646923964   1024.0073365593253
439   7451.3361720359135   1592.9003013145061
440   7467.825874832187   910.2287436082892
441   7484.31557762846   1251.5645224613977
442   7500.805280424734   910.2287436082892
443   7517.294983221007   1479.12170836347
444   7533.78468601728   796.4501506572531
445   7550.274388813554   1934.2360801676145
446   7566.764091609827   1251.5645224613977
447   7583.2537944061005   1024.0073365593253
448   7599.743497202375   1365.3431154124337
449   7616.233199998648   1024.0073365593253
450   7632.7229027949215   1934.2360801676145
451   7649.212605591195   1365.3431154124337
452   7665.702308387468   682.6715577062168
453   7682.192011183742   2161.793266069687
454   7698.681713980015   1706.678894265542
455   7715.171416776288   1934.2360801676145
456   7731.661119572562   2048.0146731186505
457   7748.150822368835   2048.0146731186505
458   7764.640525165109   1934.2360801676145
459   7781.130227961382   2048.0146731186505
460   7797.619930757655   1706.678894265542
461   7814.109633553929   2275.571859020723
462   7830.599336350202   2616.9076378738314
463   7847.089039146476   1706.678894265542
464   7863.57874194275   2616.9076378738314
465   7880.068444739023   1934.2360801676145
466   7896.5581475352965   1706.678894265542
467   7913.04785033157   1592.9003013145061
468   7929.537553127843   1706.678894265542
469   7946.027255924117   2161.793266069687
470   7962.51695872039   1706.678894265542
471   7979.006661516663   1706.678894265542
472   7995.496364312937   1820.4574872165783
473   8011.98606710921   2161.793266069687
474   8028.4757699054835   2389.350451971759
475   8044.965472701757   1479.12170836347
476   8061.45517549803   1706.678894265542
477   8077.9448782943045   1251.5645224613977
478   8094.434581090578   1934.2360801676145
479   8110.924283886851   1706.678894265542
480   8127.413986683125   1251.5645224613977
481   8143.903689479398   1934.2360801676145
482   8160.393392275671   1592.9003013145061
483   8176.883095071945   1024.0073365593253
484   8193.372797868218   1024.0073365593253
485   8209.86250066449   1592.9003013145061
486   8226.352203460765   1592.9003013145061
487   8242.841906257037   1137.7859295103615
488   8259.331609053312   1251.5645224613977
489   8275.821311849584   1251.5645224613977
490   8292.311014645858   1820.4574872165783
491   8308.800717442133   1024.0073365593253
492   8325.290420238405   1024.0073365593253
493   8341.78012303468   1137.7859295103615
494   8358.269825830952   1706.678894265542
495   8374.759528627226   1820.4574872165783
496   8391.249231423499   1592.9003013145061
497   8407.738934219773   1137.7859295103615
498   8424.228637016047   1592.9003013145061
499   8440.71833981232   1592.9003013145061
500   8457.208042608594   910.2287436082892
501   8473.697745404867   1820.4574872165783
502   8490.18744820114   910.2287436082892
503   8506.677150997413   1820.4574872165783
504   8523.166853793688   1251.5645224613977
505   8539.65655658996   796.4501506572531
506   8556.146259386234   1706.678894265542
507   8572.635962182507   1706.678894265542
508   8589.125664978781   1592.9003013145061
509   8605.615367775054   1706.678894265542
510   8622.105070571328   1479.12170836347
511   8638.5947733676   1592.9003013145061
512   8655.084476163875   1251.5645224613977
513   8671.574178960149   1592.9003013145061
514   8688.063881756421   2161.793266069687
515   8704.553584552696   1706.678894265542
516   8721.043287348968   910.2287436082892
517   8737.532990145242   1137.7859295103615
518   8754.022692941515   1592.9003013145061
519   8770.51239573779   1137.7859295103615
520   8787.002098534062   682.6715577062168
521   8803.491801330336   910.2287436082892
522   8819.981504126608   910.2287436082892
523   8836.471206922883   910.2287436082892
524   8852.960909719155   910.2287436082892
525   8869.45061251543   1024.0073365593253
526   8885.940315311702   1365.3431154124337
527   8902.430018107976   910.2287436082892
528   8918.91972090425   910.2287436082892
529   8935.409423700523   910.2287436082892
530   8951.899126496797   1024.0073365593253
531   8968.38882929307   455.1143718041446
532   8984.878532089344   1024.0073365593253
533   9001.368234885616   796.4501506572531
534   9017.85793768189   910.2287436082892
535   9034.347640478163   1024.0073365593253
536   9050.837343274437   796.4501506572531
537   9067.32704607071   455.1143718041446
538   9083.816748866984   682.6715577062168
539   9100.306451663257   568.8929647551807
540   9116.796154459531   1024.0073365593253
541   9133.285857255805   1024.0073365593253
542   9149.775560052078   455.1143718041446
543   9166.265262848352   682.6715577062168
544   9182.754965644624   682.6715577062168
545   9199.244668440899   1024.0073365593253
546   9215.734371237171   1592.9003013145061
547   9232.224074033446   910.2287436082892
548   9248.713776829718   1137.7859295103615
549   9265.203479625992   1706.678894265542
550   9281.693182422265   682.6715577062168
551   9298.182885218539   227.5571859020723
552   9314.672588014811   1592.9003013145061
553   9331.162290811086   796.4501506572531
554   9347.651993607358   1251.5645224613977
555   9364.141696403633   1024.0073365593253
556   9380.631399199907   682.6715577062168
557   9397.12110199618   682.6715577062168
558   9413.610804792454   796.4501506572531
559   9430.100507588726   1365.3431154124337
560   9446.590210385   682.6715577062168
561   9463.079913181273   1024.0073365593253
562   9479.569615977547   568.8929647551807
563   9496.05931877382   1251.5645224613977
564   9512.549021570094   796.4501506572531
565   9529.038724366366   682.6715577062168
566   9545.52842716264   1024.0073365593253
567   9562.018129958913   910.2287436082892
568   9578.507832755187   910.2287436082892
569   9594.997535551462   1024.0073365593253
570   9611.487238347734   1592.9003013145061
571   9627.976941144008   796.4501506572531
572   9644.46664394028   910.2287436082892
573   9660.956346736555   1365.3431154124337
574   9677.446049532828   1137.7859295103615
575   9693.935752329102   682.6715577062168
576   9710.425455125374   1024.0073365593253
577   9726.915157921649   568.8929647551807
578   9743.404860717921   1251.5645224613977
579   9759.894563514195   682.6715577062168
580   9776.384266310468   1137.7859295103615
581   9792.873969106742   1592.9003013145061
582   9809.363671903015   1024.0073365593253
583   9825.853374699289   682.6715577062168
584   9842.343077495563   1251.5645224613977
585   9858.832780291836   341.3357788531084
586   9875.32248308811   796.4501506572531
587   9891.812185884382   796.4501506572531
588   9908.301888680657   1137.7859295103615
589   9924.79159147693   1137.7859295103615
590   9941.281294273203   1479.12170836347
591   9957.770997069476   1024.0073365593253
592   9974.26069986575   910.2287436082892
593   9990.750402662023   796.4501506572531
594   10007.240105458297   682.6715577062168
595   10023.72980825457   1479.12170836347
596   10040.219511050844   1479.12170836347
597   10056.709213847116   910.2287436082892
598   10073.19891664339   682.6715577062168
599   10089.688619439665   796.4501506572531
600   10106.178322235937   1479.12170836347
601   10122.668025032212   1251.5645224613977
602   10139.157727828484   1024.0073365593253
603   10155.647430624758   1137.7859295103615
604   10172.13713342103   1479.12170836347
605   10188.626836217305   1024.0073365593253
606   10205.116539013577   568.8929647551807
607   10221.606241809852   682.6715577062168
608   10238.095944606124   1024.0073365593253
609   10254.585647402399   1479.12170836347
610   10271.075350198671   1024.0073365593253
611   10287.565052994945   1365.3431154124337
612   10304.05475579122   1137.7859295103615
613   10320.544458587492   1024.0073365593253
614   10337.034161383766   1479.12170836347
615   10353.523864180039   1024.0073365593253
616   10370.013566976313   910.2287436082892
617   10386.503269772586   1592.9003013145061
618   10402.99297256886   910.2287436082892
619   10419.482675365132   568.8929647551807
620   10435.972378161407   910.2287436082892
621   10452.462080957679   910.2287436082892
622   10468.951783753953   1251.5645224613977
623   10485.441486550226   1479.12170836347
624   10501.9311893465   1251.5645224613977
625   10518.420892142773   1592.9003013145061
626   10534.910594939047   1365.3431154124337
627   10551.400297735321   1479.12170836347
628   10567.890000531594   910.2287436082892
629   10584.379703327868   682.6715577062168
630   10600.86940612414   1365.3431154124337
631   10617.359108920415   1137.7859295103615
632   10633.848811716687   568.8929647551807
633   10650.338514512961   910.2287436082892
634   10666.828217309234   1137.7859295103615
635   10683.317920105508   1024.0073365593253
636   10699.80762290178   910.2287436082892
637   10716.297325698055   1137.7859295103615
638   10732.787028494327   1251.5645224613977
639   10749.276731290602   1251.5645224613977
640   10765.766434086874   1251.5645224613977
641   10782.256136883148   1706.678894265542
642   10798.745839679423   1137.7859295103615
643   10815.235542475695   1251.5645224613977
644   10831.72524527197   796.4501506572531
645   10848.214948068242   1137.7859295103615
646   10864.704650864516   1706.678894265542
647   10881.194353660789   1365.3431154124337
648   10897.684056457063   910.2287436082892
649   10914.173759253335   2389.350451971759
650   10930.66346204961   1251.5645224613977
651   10947.153164845882   1479.12170836347
652   10963.642867642156   1365.3431154124337
653   10980.132570438429   1479.12170836347
654   10996.622273234703   910.2287436082892
655   11013.111976030978   1137.7859295103615
656   11029.60167882725   1820.4574872165783
657   11046.091381623524   796.4501506572531
658   11062.581084419797   568.8929647551807
659   11079.070787216071   2048.0146731186505
660   11095.560490012344   796.4501506572531
661   11112.050192808618   910.2287436082892
662   11128.53989560489   1479.12170836347
663   11145.029598401165   1024.0073365593253
664   11161.519301197437   1365.3431154124337
665   11178.009003993711   1365.3431154124337
666   11194.498706789984   1137.7859295103615
667   11210.988409586258   1137.7859295103615
668   11227.47811238253   1251.5645224613977
669   11243.967815178805   682.6715577062168
670   11260.45751797508   1137.7859295103615
671   11276.947220771352   1024.0073365593253
672   11293.436923567626   1706.678894265542
673   11309.926626363898   1251.5645224613977
674   11326.416329160173   2048.0146731186505
675   11342.906031956445   910.2287436082892
676   11359.39573475272   1137.7859295103615
677   11375.885437548992   2048.0146731186505
678   11392.375140345266   910.2287436082892
679   11408.864843141539   1479.12170836347
680   11425.354545937813   1024.0073365593253
681   11441.844248734085   1365.3431154124337
682   11458.33395153036   1592.9003013145061
683   11474.823654326634   1251.5645224613977
684   11491.313357122906   796.4501506572531
685   11507.80305991918   1024.0073365593253
686   11524.292762715453   1365.3431154124337
687   11540.782465511727   1251.5645224613977
688   11557.272168308   1479.12170836347
689   11573.761871104274   1137.7859295103615
690   11590.251573900547   1251.5645224613977
691   11606.741276696821   1024.0073365593253
692   11623.230979493093   1706.678894265542
693   11639.720682289368   1251.5645224613977
694   11656.21038508564   796.4501506572531
695   11672.700087881914   1592.9003013145061
696   11689.189790678187   1820.4574872165783
697   11705.679493474461   1592.9003013145061
698   11722.169196270735   1365.3431154124337
699   11738.658899067008   910.2287436082892
700   11755.148601863282   1251.5645224613977
701   11771.638304659555   1365.3431154124337
702   11788.128007455829   796.4501506572531
703   11804.617710252101   1706.678894265542
704   11821.107413048376   1251.5645224613977
705   11837.597115844648   1024.0073365593253
706   11854.086818640923   910.2287436082892
707   11870.576521437195   1479.12170836347
708   11887.06622423347   796.4501506572531
709   11903.555927029742   1251.5645224613977
710   11920.045629826016   1934.2360801676145
711   11936.535332622288   1251.5645224613977
712   11953.025035418563   1024.0073365593253
713   11969.514738214837   568.8929647551807
714   11986.00444101111   1365.3431154124337
715   12002.494143807384   1479.12170836347
716   12018.983846603656   1024.0073365593253
717   12035.47354939993   796.4501506572531
718   12051.963252196203   796.4501506572531
719   12068.452954992477   1137.7859295103615
720   12084.94265778875   910.2287436082892
721   12101.432360585024   1251.5645224613977
722   12117.922063381297   1365.3431154124337
723   12134.41176617757   910.2287436082892
724   12150.901468973843   682.6715577062168
725   12167.391171770118   796.4501506572531
726   12183.880874566392   1137.7859295103615
727   12200.370577362664   1592.9003013145061
728   12216.860280158939   1592.9003013145061
729   12233.349982955211   910.2287436082892
730   12249.839685751485   1137.7859295103615
731   12266.329388547758   1137.7859295103615
732   12282.819091344032   1706.678894265542
733   12299.308794140305   1706.678894265542
734   12315.798496936579   568.8929647551807
735   12332.288199732851   2161.793266069687
736   12348.777902529126   1479.12170836347
737   12365.267605325398   1137.7859295103615
738   12381.757308121672   1137.7859295103615
739   12398.247010917945   1137.7859295103615
740   12414.73671371422   1024.0073365593253
741   12431.226416510493   1024.0073365593253
742   12447.716119306766   1479.12170836347
743   12464.20582210304   568.8929647551807
744   12480.695524899313   1479.12170836347
745   12497.185227695587   1592.9003013145061
746   12513.67493049186   227.5571859020723
747   12530.164633288134   1024.0073365593253
748   12546.654336084406   1934.2360801676145
749   12563.14403888068   1137.7859295103615
750   12579.633741676953   1365.3431154124337
751   12596.123444473227   1365.3431154124337
752   12612.6131472695   2275.571859020723
753   12629.102850065774   1365.3431154124337
754   12645.592552862048   1934.2360801676145
755   12662.08225565832   1820.4574872165783
756   12678.571958454595   1251.5645224613977
757   12695.061661250867   1024.0073365593253
758   12711.551364047142   682.6715577062168
759   12728.041066843414   1024.0073365593253
760   12744.530769639689   1137.7859295103615
761   12761.020472435961   910.2287436082892
762   12777.510175232235   682.6715577062168
763   12793.999878028508   682.6715577062168
764   12810.489580824782   1479.12170836347
765   12826.979283621054   1479.12170836347
766   12843.468986417329   1024.0073365593253
767   12859.958689213601   1024.0073365593253
768   12876.448392009876   1592.9003013145061
769   12892.93809480615   1592.9003013145061
770   12909.427797602422   1592.9003013145061
771   12925.917500398697   1251.5645224613977
772   12942.407203194969   1592.9003013145061
773   12958.896905991243   1024.0073365593253
774   12975.386608787516   1934.2360801676145
775   12991.87631158379   1024.0073365593253
776   13008.366014380063   1592.9003013145061
777   13024.855717176337   1251.5645224613977
778   13041.34541997261   1934.2360801676145
779   13057.835122768884   1592.9003013145061
780   13074.324825565156   910.2287436082892
781   13090.81452836143   1251.5645224613977
782   13107.304231157703   568.8929647551807
783   13123.793933953977   1820.4574872165783
784   13140.283636750251   1137.7859295103615
785   13156.773339546524   1934.2360801676145
786   13173.263042342798   1251.5645224613977
787   13189.75274513907   1592.9003013145061
788   13206.242447935345   682.6715577062168
789   13222.732150731617   1365.3431154124337
790   13239.221853527892   910.2287436082892
791   13255.711556324164   1251.5645224613977
792   13272.201259120438   1820.4574872165783
793   13288.69096191671   1024.0073365593253
794   13305.180664712985   1251.5645224613977
795   13321.670367509258   1706.678894265542
796   13338.160070305532   1820.4574872165783
797   13354.649773101806   1365.3431154124337
798   13371.139475898079   341.3357788531084
799   13387.629178694353   2048.0146731186505
800   13404.118881490625   1137.7859295103615
801   13420.6085842869   1934.2360801676145
802   13437.098287083172   1820.4574872165783
803   13453.587989879446   1592.9003013145061
804   13470.077692675719   1365.3431154124337
805   13486.567395471993   1592.9003013145061
806   13503.057098268266   796.4501506572531
807   13519.54680106454   682.6715577062168
808   13536.036503860812   1934.2360801676145
809   13552.526206657087   1024.0073365593253
810   13569.01590945336   682.6715577062168
811   13585.505612249633   1592.9003013145061
812   13601.995315045908   1706.678894265542
813   13618.48501784218   1479.12170836347
814   13634.974720638455   1251.5645224613977
815   13651.464423434727   2048.0146731186505
816   13667.954126231001   910.2287436082892
817   13684.443829027274   910.2287436082892
818   13700.933531823548   796.4501506572531
819   13717.42323461982   1024.0073365593253
820   13733.912937416095   1592.9003013145061
821   13750.402640212367   1024.0073365593253
822   13766.892343008642   796.4501506572531
823   13783.382045804914   796.4501506572531
824   13799.871748601188   796.4501506572531
825   13816.361451397463   1479.12170836347
826   13832.851154193735   910.2287436082892
827   13849.34085699001   1137.7859295103615
828   13865.830559786282   1251.5645224613977
829   13882.320262582556   1251.5645224613977
830   13898.809965378829   1820.4574872165783
831   13915.299668175103   1137.7859295103615
832   13931.789370971375   1251.5645224613977
833   13948.27907376765   1592.9003013145061
834   13964.768776563922   1024.0073365593253
835   13981.258479360196   1251.5645224613977
836   13997.748182156469   1479.12170836347
837   14014.237884952743   1024.0073365593253
838   14030.727587749016   1592.9003013145061
839   14047.21729054529   1934.2360801676145
840   14063.706993341564   1365.3431154124337
841   14080.196696137837   1479.12170836347
842   14096.686398934111   1365.3431154124337
843   14113.176101730383   1365.3431154124337
844   14129.665804526658   1251.5645224613977
845   14146.15550732293   1251.5645224613977
846   14162.645210119204   910.2287436082892
847   14179.134912915477   1479.12170836347
848   14195.624615711751   1137.7859295103615
849   14212.114318508024   1934.2360801676145
850   14228.604021304298   1137.7859295103615
851   14245.09372410057   1706.678894265542
852   14261.583426896845   1024.0073365593253
853   14278.073129693117   1251.5645224613977
854   14294.562832489391   910.2287436082892
855   14311.052535285666   910.2287436082892
856   14327.542238081938   2275.571859020723
857   14344.031940878212   1137.7859295103615
858   14360.521643674485   1024.0073365593253
859   14377.01134647076   1251.5645224613977
860   14393.501049267032   796.4501506572531
861   14409.990752063306   2161.793266069687
862   14426.480454859578   1934.2360801676145
863   14442.970157655853   1137.7859295103615
864   14459.459860452125   1706.678894265542
865   14475.9495632484   1137.7859295103615
866   14492.439266044672   1365.3431154124337
867   14508.928968840946   1592.9003013145061
868   14525.41867163722   568.8929647551807
869   14541.908374433493   682.6715577062168
870   14558.398077229767   682.6715577062168
871   14574.88778002604   1137.7859295103615
872   14591.377482822314   796.4501506572531
873   14607.867185618587   1706.678894265542
874   14624.35688841486   1251.5645224613977
875   14640.846591211133   1365.3431154124337
876   14657.336294007408   1365.3431154124337
877   14673.82599680368   1137.7859295103615
878   14690.315699599954   1479.12170836347
879   14706.805402396227   910.2287436082892
880   14723.295105192501   910.2287436082892
881   14739.784807988774   1479.12170836347
882   14756.274510785048   796.4501506572531
883   14772.764213581322   1137.7859295103615
884   14789.253916377595   1592.9003013145061
885   14805.743619173869   1365.3431154124337
886   14822.233321970141   1592.9003013145061
887   14838.723024766416   1820.4574872165783
888   14855.212727562688   2048.0146731186505
889   14871.702430358962   910.2287436082892
890   14888.192133155235   1137.7859295103615
891   14904.68183595151   1024.0073365593253
892   14921.171538747782   1592.9003013145061
893   14937.661241544056   1251.5645224613977
894   14954.150944340328   1137.7859295103615
895   14970.640647136603   796.4501506572531
896   14987.130349932877   1592.9003013145061
897   15003.62005272915   1251.5645224613977
898   15020.109755525424   1365.3431154124337
899   15036.599458321696   1137.7859295103615
900   15053.08916111797   682.6715577062168
901   15069.578863914243   1592.9003013145061
902   15086.068566710517   796.4501506572531
903   15102.55826950679   1365.3431154124337
904   15119.047972303064   682.6715577062168
905   15135.537675099336   568.8929647551807
906   15152.02737789561   1934.2360801676145
907   15168.517080691883   910.2287436082892
908   15185.006783488157   1706.678894265542
909   15201.49648628443   1024.0073365593253
910   15217.986189080704   1251.5645224613977
911   15234.475891876978   1251.5645224613977
912   15250.965594673251   910.2287436082892
913   15267.455297469525   1592.9003013145061
914   15283.945000265798   1024.0073365593253
915   15300.434703062072   1251.5645224613977
916   15316.924405858344   1479.12170836347
917   15333.414108654619   1137.7859295103615
918   15349.903811450891   1479.12170836347
919   15366.393514247166   1479.12170836347
920   15382.883217043438   1024.0073365593253
921   15399.372919839712   1137.7859295103615
922   15415.862622635985   1592.9003013145061
923   15432.352325432259   1251.5645224613977
924   15448.842028228531   1024.0073365593253
925   15465.331731024806   1365.3431154124337
926   15481.82143382108   910.2287436082892
927   15498.311136617353   2048.0146731186505
928   15514.800839413627   1251.5645224613977
929   15531.2905422099   682.6715577062168
930   15547.780245006174   1137.7859295103615
931   15564.269947802446   1251.5645224613977
932   15580.75965059872   1365.3431154124337
933   15597.249353394993   1365.3431154124337
934   15613.739056191267   1137.7859295103615
935   15630.22875898754   2048.0146731186505
936   15646.718461783814   1592.9003013145061
937   15663.208164580086   1365.3431154124337
938   15679.69786737636   910.2287436082892
939   15696.187570172635   1479.12170836347
940   15712.677272968907   910.2287436082892
941   15729.166975765182   1365.3431154124337
942   15745.656678561454   1365.3431154124337
943   15762.146381357728   1251.5645224613977
944   15778.636084154   796.4501506572531
945   15795.125786950275   2275.571859020723
946   15811.615489746548   1365.3431154124337
947   15828.105192542822   1365.3431154124337
948   15844.594895339094   1251.5645224613977
949   15861.084598135369   682.6715577062168
950   15877.574300931641   2048.0146731186505
951   15894.064003727915   1137.7859295103615
952   15910.553706524188   1251.5645224613977
953   15927.043409320462   1251.5645224613977
954   15943.533112116736   1137.7859295103615
955   15960.022814913009   1137.7859295103615
956   15976.512517709283   682.6715577062168
957   15993.002220505556   1592.9003013145061
958   16009.49192330183   1820.4574872165783
959   16025.981626098102   910.2287436082892
960   16042.471328894377   568.8929647551807
961   16058.96103169065   1137.7859295103615
962   16075.450734486923   910.2287436082892
963   16091.940437283196   1479.12170836347
964   16108.43014007947   1024.0073365593253
965   16124.919842875743   568.8929647551807
966   16141.409545672017   1592.9003013145061
967   16157.89924846829   1934.2360801676145
968   16174.388951264564   1592.9003013145061
969   16190.878654060838   910.2287436082892
970   16207.36835685711   1479.12170836347
971   16223.858059653385   910.2287436082892
972   16240.347762449657   568.8929647551807
973   16256.837465245932   1137.7859295103615
974   16273.327168042204   1365.3431154124337
975   16289.816870838478   2048.0146731186505
976   16306.30657363475   1479.12170836347
977   16322.796276431025   1251.5645224613977
978   16339.285979227298   455.1143718041446
979   16355.775682023572   1706.678894265542
980   16372.265384819844   455.1143718041446
981   16388.75508761612   1137.7859295103615
982   16405.24479041239   1820.4574872165783
983   16421.734493208663   1934.2360801676145
984   16438.22419600494   796.4501506572531
985   16454.713898801212   1137.7859295103615
986   16471.203601597485   1479.12170836347
987   16487.693304393757   1024.0073365593253
988   16504.183007190033   1592.9003013145061
989   16520.672709986306   1365.3431154124337
990   16537.162412782578   1479.12170836347
991   16553.65211557885   568.8929647551807
992   16570.141818375127   1251.5645224613977
993   16586.6315211714   1251.5645224613977
994   16603.12122396767   568.8929647551807
995   16619.610926763944   796.4501506572531
996   16636.10062956022   1251.5645224613977
997   16652.590332356493   1137.7859295103615
998   16669.080035152765   1024.0073365593253
999   16685.569737949038   1820.4574872165783
1000   16702.059440745314   1365.3431154124337
1001   16718.549143541586   910.2287436082892
1002   16735.03884633786   1365.3431154124337
1003   16751.52854913413   1137.7859295103615
1004   16768.018251930407   1820.4574872165783
1005   16784.50795472668   1024.0073365593253
1006   16800.997657522952   1137.7859295103615
1007   16817.487360319225   341.3357788531084
1008   16833.9770631155   1592.9003013145061
1009   16850.466765911773   1820.4574872165783
1010   16866.956468708046   796.4501506572531
1011   16883.44617150432   682.6715577062168
1012   16899.935874300594   1251.5645224613977
1013   16916.425577096867   1251.5645224613977
1014   16932.91527989314   910.2287436082892
1015   16949.404982689415   1365.3431154124337
1016   16965.894685485688   2048.0146731186505
1017   16982.38438828196   1137.7859295103615
1018   16998.874091078233   1365.3431154124337
1019   17015.36379387451   1934.2360801676145
1020   17031.85349667078   1479.12170836347
1021   17048.343199467054   910.2287436082892
1022   17064.832902263326   1251.5645224613977
1023   17081.322605059602   796.4501506572531
1024   17097.812307855875   1479.12170836347
1025   17114.302010652147   796.4501506572531
1026   17130.791713448423   796.4501506572531
1027   17147.281416244696   568.8929647551807
1028   17163.77111904097   910.2287436082892
1029   17180.26082183724   1592.9003013145061
1030   17196.750524633517   568.8929647551807
1031   17213.24022742979   910.2287436082892
1032   17229.72993022606   1137.7859295103615
1033   17246.219633022334   1024.0073365593253
1034   17262.70933581861   1365.3431154124337
1035   17279.199038614883   1024.0073365593253
1036   17295.688741411155   1365.3431154124337
1037   17312.178444207428   1137.7859295103615
1038   17328.668147003704   1137.7859295103615
1039   17345.157849799976   1137.7859295103615
1040   17361.64755259625   1820.4574872165783
1041   17378.137255392525   910.2287436082892
1042   17394.626958188797   1137.7859295103615
1043   17411.11666098507   796.4501506572531
1044   17427.606363781342   1251.5645224613977
1045   17444.09606657762   796.4501506572531
1046   17460.58576937389   455.1143718041446
1047   17477.075472170163   1479.12170836347
1048   17493.565174966436   1137.7859295103615
1049   17510.054877762712   1024.0073365593253
1050   17526.544580558984   910.2287436082892
1051   17543.034283355257   1592.9003013145061
1052   17559.52398615153   1706.678894265542
1053   17576.013688947805   1479.12170836347
1054   17592.503391744078   910.2287436082892
1055   17608.99309454035   1479.12170836347
1056   17625.482797336626   682.6715577062168
1057   17641.9725001329   1706.678894265542
1058   17658.46220292917   341.3357788531084
1059   17674.951905725444   1479.12170836347
1060   17691.44160852172   910.2287436082892
1061   17707.931311317992   796.4501506572531
1062   17724.421014114265   1365.3431154124337
1063   17740.910716910537   910.2287436082892
1064   17757.400419706813   1592.9003013145061
1065   17773.890122503086   1365.3431154124337
1066   17790.37982529936   910.2287436082892
1067   17806.869528095634   1024.0073365593253
1068   17823.359230891907   1592.9003013145061
1069   17839.84893368818   1479.12170836347
1070   17856.338636484452   796.4501506572531
1071   17872.828339280728   1479.12170836347
1072   17889.318042077   1251.5645224613977
1073   17905.807744873273   1479.12170836347
1074   17922.297447669545   455.1143718041446
1075   17938.78715046582   910.2287436082892
1076   17955.276853262094   1137.7859295103615
1077   17971.766556058366   682.6715577062168
1078   17988.25625885464   910.2287436082892
1079   18004.745961650915   1251.5645224613977
1080   18021.235664447187   1706.678894265542
1081   18037.72536724346   1024.0073365593253
1082   18054.215070039736   1706.678894265542
1083   18070.70477283601   682.6715577062168
1084   18087.19447563228   1592.9003013145061
1085   18103.684178428553   1479.12170836347
1086   18120.17388122483   1137.7859295103615
1087   18136.663584021102   1706.678894265542
1088   18153.153286817374   2048.0146731186505
1089   18169.642989613647   1706.678894265542
1090   18186.132692409923   1137.7859295103615
1091   18202.622395206196   1592.9003013145061
1092   18219.112098002468   1137.7859295103615
1093   18235.60180079874   1024.0073365593253
1094   18252.091503595017   796.4501506572531
1095   18268.58120639129   1820.4574872165783
1096   18285.07090918756   1706.678894265542
1097   18301.560611983838   568.8929647551807
1098   18318.05031478011   1024.0073365593253
1099   18334.540017576383   910.2287436082892
1100   18351.029720372655   1365.3431154124337
1101   18367.51942316893   1479.12170836347
1102   18384.009125965204   1251.5645224613977
1103   18400.498828761476   1137.7859295103615
1104   18416.98853155775   1592.9003013145061
1105   18433.478234354025   1251.5645224613977
1106   18449.967937150297   1251.5645224613977
1107   18466.45763994657   568.8929647551807
1108   18482.947342742842   568.8929647551807
1109   18499.437045539118   1365.3431154124337
1110   18515.92674833539   1592.9003013145061
1111   18532.416451131663   1820.4574872165783
1112   18548.90615392794   910.2287436082892
1113   18565.39585672421   1137.7859295103615
1114   18581.885559520484   568.8929647551807
1115   18598.375262316757   1251.5645224613977
1116   18614.864965113033   341.3357788531084
1117   18631.354667909305   1137.7859295103615
1118   18647.844370705578   1137.7859295103615
1119   18664.33407350185   455.1143718041446
1120   18680.823776298126   910.2287436082892
1121   18697.3134790944   796.4501506572531
1122   18713.80318189067   1592.9003013145061
1123   18730.292884686944   2275.571859020723
1124   18746.78258748322   568.8929647551807
1125   18763.272290279492   910.2287436082892
1126   18779.761993075765   1137.7859295103615
1127   18796.25169587204   568.8929647551807
1128   18812.741398668313   1137.7859295103615
1129   18829.231101464586   1024.0073365593253
1130   18845.720804260858   682.6715577062168
1131   18862.210507057134   1934.2360801676145
1132   18878.700209853407   1024.0073365593253
1133   18895.18991264968   1024.0073365593253
1134   18911.67961544595   1251.5645224613977
1135   18928.169318242228   1024.0073365593253
1136   18944.6590210385   1024.0073365593253
1137   18961.148723834773   1137.7859295103615
1138   18977.63842663105   796.4501506572531
1139   18994.12812942732   1024.0073365593253
1140   19010.617832223594   1024.0073365593253
1141   19027.107535019866   910.2287436082892
1142   19043.597237816142   1024.0073365593253
1143   19060.086940612415   1365.3431154124337
1144   19076.576643408687   1365.3431154124337
1145   19093.06634620496   1820.4574872165783
1146   19109.556049001236   796.4501506572531
1147   19126.04575179751   2389.350451971759
1148   19142.53545459378   1365.3431154124337
1149   19159.025157390053   1251.5645224613977
1150   19175.51486018633   1592.9003013145061
1151   19192.0045629826   1365.3431154124337
1152   19208.494265778874   1592.9003013145061
1153   19224.98396857515   910.2287436082892
1154   19241.473671371423   796.4501506572531
1155   19257.963374167695   1024.0073365593253
1156   19274.453076963968   1479.12170836347
1157   19290.942779760244   910.2287436082892
1158   19307.432482556516   1137.7859295103615
1159   19323.92218535279   1137.7859295103615
1160   19340.41188814906   1024.0073365593253
1161   19356.901590945337   1024.0073365593253
1162   19373.39129374161   1251.5645224613977
1163   19389.880996537882   1365.3431154124337
1164   19406.370699334155   910.2287436082892
1165   19422.86040213043   1137.7859295103615
1166   19439.350104926703   1365.3431154124337
1167   19455.839807722976   796.4501506572531
1168   19472.329510519252   910.2287436082892
1169   19488.819213315524   910.2287436082892
1170   19505.308916111797   1592.9003013145061
1171   19521.79861890807   341.3357788531084
1172   19538.288321704345   1251.5645224613977
1173   19554.778024500618   796.4501506572531
1174   19571.26772729689   1251.5645224613977
1175   19587.757430093163   1137.7859295103615
1176   19604.24713288944   910.2287436082892
1177   19620.73683568571   1820.4574872165783
1178   19637.226538481984   796.4501506572531
1179   19653.716241278256   1251.5645224613977
1180   19670.205944074532   682.6715577062168
1181   19686.695646870805   682.6715577062168
1182   19703.185349667077   910.2287436082892
1183   19719.675052463353   2161.793266069687
1184   19736.164755259626   910.2287436082892
1185   19752.6544580559   568.8929647551807
1186   19769.14416085217   1251.5645224613977
1187   19785.633863648447   1024.0073365593253
1188   19802.12356644472   1479.12170836347
1189   19818.613269240992   1251.5645224613977
1190   19835.102972037264   1479.12170836347
1191   19851.59267483354   910.2287436082892
1192   19868.082377629813   682.6715577062168
1193   19884.572080426085   1706.678894265542
1194   19901.061783222358   1137.7859295103615
1195   19917.551486018634   1024.0073365593253
1196   19934.041188814906   910.2287436082892
1197   19950.53089161118   910.2287436082892
1198   19967.020594407455   682.6715577062168
1199   19983.510297203728   1251.5645224613977