Note: Ignore the first bin. Counts Already in DRU units. X-axis at 0.2 keV intervals. So, the 6th bin corresponds to 1 keV, 7th bin to 1.2 keV, etc. 

   0  2445.652  
   6  54.34783  
   7  706.5217  
   8  2173.913  
   9  2391.304  
   10  2554.348  
   11  2010.87  
   12  1413.043  
   13  1358.696  
   14  1141.304  
   15  1358.696  
   16  923.913  
   17  923.913  
   18  978.2609  
   19  1195.652  
   20  706.5217  
   21  489.1304  
   22  271.7391  
   23  434.7826  
   24  489.1304  
   25  706.5217  
   26  543.4783  
   27  543.4783  
   28  380.4348  
   29  543.4783  
   30  380.4348  
   31  54.34783  
   32  543.4783  
   33  271.7391  
   34  380.4348  
   35  434.7826  
   36  434.7826  
   37  434.7826  
   38  597.8261  
   39  434.7826  
   40  271.7391  
   41  543.4783  
   42  380.4348  
   43  489.1304  
   44  108.6957  
   45  380.4348  
   46  380.4348  
   47  434.7826  
   48  380.4348  
   49  434.7826  
   50  217.3913  
   51  217.3913  
   52  489.1304  
   53  434.7826  
   54  489.1304  
   55  706.5217  
   56  380.4348  
   57  489.1304  
   58  489.1304  
   59  217.3913  
   60  434.7826  
   61  434.7826  
   62  163.0435  
   63  380.4348  
   64  271.7391  
   65  380.4348  
   66  108.6957  
   67  326.087  
   68  326.087  
   69  543.4783  
   70  326.087  
   71  326.087  
   72  271.7391  
   73  271.7391  
   74  108.6957  
   75  163.0435  
   76  147500  
