Note: Ignore the first bin. Counts Already in DRU units. X-axis at 0.2 keV intervals. So, the 6th bin corresponds to 1 keV, 7th bin to 1.2 keV, etc. 
       0    9456.522    
       1    54.34783    
       4    652.1739    
       5    2065.217    
       6    9891.304    
       7    67717.39    
       8    283369.6    
       9    418804.3    
       10    324510.9    
       11    199021.7    
       12    126413    
       13    86576.09    
       14    61413.04    
       15    44293.48    
       16    36739.13    
       17    29076.09    
       18    22934.78    
       19    17771.74    
       20    16250    
       21    12934.78    
       22    12880.43    
       23    11576.09    
       24    10054.35    
       25    9728.261    
       26    8695.652    
       27    7445.652    
       28    7119.565    
       29    7500    
       30    7500    
       31    6141.304    
       32    7010.87    
       33    6304.348    
       34    6086.957    
       35    5869.565    
       36    5380.435    
       37    6195.652    
       38    5326.087    
       39    5652.174    
       40    5217.391    
       41    4456.522    
       42    4510.87    
       43    5760.87    
       44    5054.348    
       45    4239.13    
       46    4945.652    
       47    4456.522    
       48    5054.348    
       49    4347.826    
       50    4293.478    
       51    5271.739    
       52    4510.87    
       53    4782.609    
       54    5543.478    
       55    5054.348    
       56    4728.261    
       57    4402.174    
       58    4565.217    
       59    4239.13    
       60    3858.696    
       61    4293.478    
       62    4402.174    
       63    4456.522    
       64    3967.391    
       65    4836.957    
       66    4184.783    
       67    3858.696    
       68    4347.826    
       69    3967.391    
       70    4130.435    
       71    3641.304    
       72    3695.652    
       73    3369.565    
       74    3097.826    
       75    3913.043    
       76    2515109    
