Each bin corresponds to 0.2KeV. Bin#1 is 0.2KeV
1 275800
2 101400
3 51800
4 26000
5 19000
6 14600
7 8200
8 7800
9 5400
10 3600
11 4000
12 4800
13 2200
14 2400
15 2600
16 2800
17 1400
18 1600
19 1600
20 600
21 200
22 1400
23 1400
24 1200
25 1400
26 800
27 400
28 1000
29 1000
30 600
31 1000
32 1200
33 600
34 400
35 200
36 600
37 200
38 400
39 1000
40 400
41 200
42 1000
43 600
44 200
45 1000
46 400
47 600
48 200
49 1000
50 400
51 0
52 800
53 400
54 600
55 200
56 200
57 800
58 200
59 0
60 1000
61 200
62 600
63 400
64 400
65 400
66 600
67 400
68 200
69 400
70 0
71 1000
72 400
73 400
74 200
75 600
76 200
