Each bin corresponds to 0.2KeV. Bin#1 is 0.2KeV
1 2.8316e+06
2 1.3712e+06
3 644200
4 359600
5 224600
6 138200
7 105600
8 81800
9 61400
10 46800
11 41400
12 35000
13 30600
14 23600
15 19000
16 22800
17 18600
18 15400
19 16400
20 15200
21 13200
22 14200
23 13000
24 13200
25 14600
26 12600
27 11600
28 11200
29 10800
30 10800
31 11200
32 11000
33 11200
34 12200
35 9400
36 8800
37 7200
38 6200
39 9000
40 9600
41 6000
42 9600
43 9000
44 9200
45 7200
46 7200
47 8200
48 6600
49 8800
50 7200
51 5800
52 6600
53 7400
54 9800
55 8200
56 8000
57 9800
58 7800
59 5400
60 6800
61 5400
62 5000
63 9000
64 8600
65 7400
66 6000
67 6400
68 7400
69 6800
70 4800
71 10000
72 9200
73 7800
74 5200
75 7400
76 6600
