1.675031929999999947e-01
2.109108869999999983e-02
6.220003219999999805e-02
1.198216899999999946e-01
1.662919519999999929e-01
4.142250120000000313e-02
2.253375020000000090e-02
1.246133970000000007e-01
5.063644800000000057e-02
3.060185539999999912e-02
2.645570410000000136e-02
6.145616620000000224e-02
5.074751969999999890e-01
1.917250600000000027e-01
4.475044610000000200e-01
2.577710899999999944e-02
8.901365849999999524e-02
2.106991600000000103e-02
2.060036729999999844e-02
2.927491369999999926e-01
1.029318570000000016e-01
2.277119089999999832e-02
2.049504220000000071e-02
2.528276670000000059e-02
2.007328419999999947e-01
3.206451830000000003e-01
1.134332720000000017e-01
4.193358500000000239e-02
1.403705630000000038e-01
1.936699299999999901e-01
2.984844449999999871e-01
1.994604989999999856e-02
2.910976109999999784e-01
3.440250460000000149e-02
5.561844259999999818e-02
7.939980920000000442e-02
2.970405219999999735e-01
2.974966169999999910e-02
2.411189820000000095e-01
2.088904189999999869e-02
4.099284479999999731e-02
5.713036280000000078e-02
9.349611400000000516e-02
3.321885320000000225e-02
2.395442429999999900e-01
6.246558199999999866e-02
2.027554809999999874e-01
2.074376489999999948e-02
4.423632029999999826e-01
1.593020559999999974e-01
2.468433230000000034e-01
3.211357439999999730e-02
3.324919190000000246e-02
2.051503580000000118e-02
2.075531519999999908e-02
2.001509259999999929e-02
4.926906150000000262e-02
2.533178329999999923e-01
3.874436020000000119e-02
6.729566309999999996e-02
9.668140860000000447e-02
3.163517710000000038e-01
6.144272159999999983e-02
2.169696609999999942e-02
7.599656280000000041e-02
2.508311900000000094e-02
2.214197999999999861e-02
2.600453609999999957e-02
1.509586270000000119e-01
2.252025900000000080e-02
4.877767339999999896e-02
3.663719819999999849e-02
8.450345700000000404e-02
3.995927049999999786e-02
2.196313069999999978e-02
5.372759700000000194e-02
8.128557349999999959e-02
3.838012369999999757e-02
5.595189329999999961e-02
3.476827589999999940e-02
3.876167910000000161e-02
9.315183759999999535e-02
2.099135519999999894e-02
2.736394109999999991e-01
7.243873180000000300e-02
5.791026950000000006e-01
1.136875529999999968e-01
3.852062669999999772e-02
2.489226309999999914e-02
3.143212199999999984e-02
1.981297690000000111e-02
2.625162899999999855e-01
5.751717089999999755e-02
7.984667269999999595e-02
2.457613679999999870e-02
4.798667730000000242e-01
4.455522599999999778e-01
8.391220119999999449e-02
1.844984440000000114e-01
1.756350700000000042e-01
3.032214379999999959e-02
9.623368829999999485e-02
2.212339079999999999e-02
4.567642510000000100e-02
1.678550239999999916e-01
2.893172199999999999e-02
3.894101680000000010e-01
2.818606790000000029e-02
3.207854930000000188e-02
3.728354720000000289e-02
2.182444370000000133e-02
2.011322230000000058e-02
4.694290460000000165e-02
3.838611019999999679e-02
6.887328619999999457e-02
6.062470749999999964e-02
1.027823910000000007e-01
3.841279449999999984e-02
1.898753790000000108e-01
2.945702899999999916e-02
2.375858280000000058e-02
6.753213700000000597e-02
1.733379359999999980e-01
6.881354000000000637e-02
1.988369790000000040e-02
4.217582940000000336e-02
7.237478349999999783e-02
5.059838669999999761e-02
4.049929599999999713e-02
2.225493640000000134e-02
2.018746360000000031e-02
2.788787779999999938e-01
7.190712539999999375e-02
1.962222610000000089e-01
2.367202009999999981e-02
1.902369260000000006e-01
1.973862200000000081e-02
8.988897499999999596e-02
1.459995809999999894e-01
3.830602169999999806e-01
1.282299610000000034e-01
4.114662110000000261e-02
7.897707069999999885e-02
9.006113559999999463e-02
1.693673880000000076e-01
8.263331649999999806e-02
1.021535249999999950e-01
3.283767400000000003e-01
2.397864499999999982e-02
7.059338689999999916e-02
3.230532110000000068e-01
3.288261889999999910e-01
7.231812919999999756e-02
5.860064920000000038e-02
1.978475039999999865e-02
3.609527650000000087e-01
2.182961700000000116e-01
6.497403979999999413e-02
5.040509630000000046e-02
1.138456689999999966e-01
6.143845249999999730e-02
2.512674930000000084e-01
2.046767619999999982e-02
6.046536560000000116e-02
2.676929349999999930e-02
2.261937600000000007e-02
2.106614219999999871e-02
5.259003859999999975e-02
9.982369839999999384e-02
1.121497080000000007e-01
6.307050590000000401e-02
4.299587760000000286e-02
3.626087009999999777e-01
2.670331899999999758e-01
3.041951730000000062e-02
3.372437510000000221e-02
4.479668740000000149e-01
9.971854089999999948e-02
8.602012689999999351e-02
1.292118580000000128e-01
2.156749369999999902e-02
3.035020080000000106e-02
6.404533240000000183e-02
2.079746689999999870e-02
1.379654849999999988e-01
2.211227450000000094e-02
2.220957730000000171e-02
4.408368099999999956e-02
3.855311129999999809e-02
4.070909320000000164e-01
2.810139019999999960e-02
2.040039559999999932e-02
1.519929020000000131e-01
2.312473210000000057e-01
4.519148540000000186e-02
5.476477739999999761e-01
5.110360679999999961e-02
2.424187959999999850e-02
5.684369799999999806e-02
3.445304929999999655e-02
2.466061339999999977e-02
3.701146689999999795e-02
2.718355949999999854e-01
4.791425910000000205e-02
4.186053199999999891e-02
4.774275050000000020e-02
8.875652400000000330e-02
4.087656359999999878e-02
3.923434759999999688e-02
2.308866980000000013e-01
1.365248259999999880e-01
2.423326300000000141e-02
7.381132249999999839e-02
5.089611559999999979e-02
1.970595680000000044e-02
2.107172090000000025e-02
4.822410640000000109e-02
5.797234770000000426e-01
4.694949460000000241e-02
1.997314580000000145e-02
2.020630429999999839e-02
2.976907419999999874e-02
4.153831300000000032e-02
1.992669700000000016e-02
2.130360599999999993e-01
2.099356239999999874e-02
1.711821410000000099e-01
3.084777480000000169e-02
2.221535889999999916e-02
1.988877539999999930e-02
2.030411359999999971e-02
1.311635670000000087e-01
2.013559269999999971e-02
2.002124859999999951e-02
4.208009839999999890e-01
2.879838649999999847e-02
1.276109219999999878e-01
5.064817670000000271e-01
1.883727759999999918e-01
4.832467440000000336e-02
3.738258409999999782e-02
3.067688829999999992e-02
6.651176509999999487e-02
2.025360060000000115e-02
2.016725200000000010e-02
2.039010449999999891e-02
2.551519309999999985e-02
5.174522470000000179e-02
4.815920440000000247e-02
5.304139110000000157e-02
2.614405939999999914e-02
2.464361860000000015e-02
2.411591260000000084e-02
8.937441560000000673e-02
4.858774689999999924e-02
1.570159050000000112e-01
2.365931719999999905e-01
4.048642140000000000e-02
1.605492089999999983e-01
3.520949930000000228e-02
9.792181099999999749e-02
8.130660650000000322e-02
1.237844010000000022e-01
1.365000610000000059e-01
2.716998199999999877e-02
2.102439659999999835e-02
5.846201630000000260e-02
3.355824049999999725e-01
9.530118109999999310e-02
4.895583170000000067e-02
6.823373589999999489e-02
9.144068510000000205e-02
3.703668119999999897e-01
1.017628680000000063e-01
3.841136400000000339e-02
4.760593180000000091e-02
2.381885610000000070e-02
2.345676349999999827e-02
2.419393699999999869e-02
4.783205690000000287e-02
1.783733369999999929e-01
2.969815209999999983e-02
2.535061720000000157e-02
5.793868010000000068e-02
7.399563489999999577e-02
1.429561079999999984e-01
5.302865059999999769e-02
3.732083740000000094e-02
4.136920349999999996e-02
1.933971790000000024e-01
1.436029080000000013e-01
3.138778359999999656e-02
5.972286310000000237e-02
3.107968720000000087e-02
4.362970959999999676e-02
5.947716909999999774e-02
2.251934629999999965e-02
4.108810130000000171e-01
2.048720050000000029e-02
1.413272170000000050e-01
1.976752470000000053e-02
6.569162010000000052e-02
2.242204360000000021e-02
2.222345959999999856e-02
2.090338619999999870e-02
1.072306709999999996e-01
2.976046320000000009e-02
1.121754799999999941e-01
2.443135160000000153e-02
4.649331789999999742e-02
2.130451239999999954e-02
2.340671569999999979e-01
2.188647390000000026e-01
4.383649230000000174e-01
1.976328720000000011e-02
2.620223460000000171e-01
2.803321740000000103e-02
3.456309810000000177e-02
1.387349370000000026e-01
2.847710250000000110e-01
2.015756819999999991e-02
6.790149210000000213e-02
4.637295749999999911e-02
2.496649700000000069e-02
2.283274570000000045e-02
1.146713349999999992e-01
6.614412370000000152e-02
1.185938789999999993e-01
3.345214129999999897e-01
3.764116470000000159e-01
3.252501409999999926e-02
2.809595319999999910e-02
1.285691260000000058e-01
1.699629579999999973e-01
2.168763799999999867e-02
3.870588169999999995e-02
2.018877490000000122e-02
1.683491020000000005e-01
7.521324599999999749e-02
4.543367029999999945e-02
2.578053060000000049e-02
1.690854280000000098e-01
2.921331300000000117e-02
2.315378749999999833e-02
3.637273610000000268e-01
1.997890880000000036e-02
1.126587690000000058e-01
2.994790079999999910e-01
2.003487199999999871e-02
9.934327010000000568e-02
1.234060299999999999e-01
2.009016090000000088e-02
2.910661319999999913e-02
1.474577930000000037e-01
9.158895159999999591e-02
1.979316769999999934e-02
2.623133180000000036e-02
2.026006210000000016e-02
5.127830059999999995e-02
2.180498839999999924e-02
4.164979609999999721e-02
3.226504470000000208e-02
3.617586939999999779e-02
5.073801800000000278e-02
3.074413720000000044e-02
1.202305260000000042e-01
8.184556660000000261e-02
4.920317229999999764e-01
1.421953589999999934e-01
1.989988050000000147e-02
2.499601430000000096e-02
3.409816699999999867e-02
2.483761680000000013e-02
8.648455139999999819e-02
6.050511449999999847e-02
3.950823839999999948e-02
3.039666120000000249e-01
2.038915269999999960e-02
2.100107630000000100e-02
2.158313060000000005e-02
3.798615340000000007e-01
2.762384899999999893e-02
1.388914139999999908e-01
1.211216229999999977e-01
3.717047720000000305e-02
1.431021239999999972e-01
1.926713589999999865e-01
1.902772640000000015e-01
4.534962180000000065e-01
2.999832289999999901e-02
2.157416570000000172e-02
5.032249910000000104e-02
9.138680250000000282e-02
1.646898089999999926e-01
8.633766319999999772e-02
7.359442859999999753e-02
6.920933719999999845e-02
4.799426350000000202e-02
1.449388859999999890e-01
2.660968899999999887e-02
7.988595960000000051e-02
4.378820660000000142e-01
1.002807099999999951e-01
7.160983229999999533e-02
2.015088680000000007e-02
2.955031100000000133e-01
2.803856320000000166e-02
1.551480289999999929e-01
4.455652830000000203e-02
6.925257299999999783e-02
2.418105120000000122e-02
5.152187870000000253e-02
2.654998000000000080e-01
2.097126659999999990e-02
4.635764290000000259e-02
1.977091279999999840e-02
4.726526440000000107e-01
1.994148639999999972e-02
8.091460910000000673e-02
4.548769440000000053e-02
7.477767019999999321e-02
3.341079500000000008e-02
5.963163450000000254e-02
5.182890219999999881e-02
1.841023420000000022e-01
2.257033060000000063e-02
5.076709389999999739e-02
3.374672530000000226e-01
1.970722150000000020e-02
3.924130650000000331e-02
2.470333499999999988e-02
2.463198159999999970e-01
2.285720039999999953e-02
2.068161589999999855e-02
2.132926699999999898e-02
1.514214720000000014e-01
4.167913649999999831e-02
1.171921789999999935e-01
6.479188049999999588e-02
1.998825740000000073e-02
7.793646310000000577e-02
3.219413460000000171e-01
2.758901190000000170e-02
3.730615229999999921e-02
2.172896269999999991e-02
6.298947330000000122e-02
1.799441870000000054e-01
1.995844210000000118e-02
6.384926289999999505e-02
8.439167590000000441e-02
3.036859040000000065e-01
2.849802560000000082e-02
4.150791840000000316e-02
2.850367129999999832e-02
2.113058420000000007e-02
2.141086570000000008e-02
2.328495379999999948e-01
7.641062889999999941e-02
2.474004219999999948e-02
7.360163329999999671e-02
2.897093629999999975e-02
2.051151539999999940e-02
2.171594279999999877e-02
2.237187880000000156e-02
1.732013819999999871e-01
5.449688429999999945e-02
3.016609879999999910e-02
3.542799499999999685e-02
1.248227799999999943e-01
5.216294529999999652e-01
2.051279510000000167e-02
2.291070480000000076e-02
5.292671319999999735e-01
1.173677070000000017e-01
1.888852860000000133e-01
4.645736140000000097e-02
2.014077640000000100e-02
3.615659769999999829e-01
3.552703930000000038e-02
2.072708310000000165e-02
2.805433270000000090e-01
2.252702410000000099e-02
3.202478219999999737e-02
4.351816330000000260e-02
1.198267640000000023e-01
3.718402240000000247e-02
5.091270209999999574e-01
7.939178500000000638e-02
4.429516789999999871e-01
4.803353550000000194e-01
2.059310489999999910e-02
6.065775450000000096e-02
1.584264190000000128e-01
7.150150839999999675e-02
6.396489589999999892e-02
1.134594829999999999e-01
3.875362869999999793e-01
1.033599530000000044e-01
5.557563530000000224e-02
3.893723340000000005e-02
2.115029839999999980e-02
3.874057830000000036e-01
3.127928079999999778e-01
3.933047130000000280e-02
1.073202639999999985e-01
3.169818220000000242e-01
3.502964969999999845e-01
2.685931880000000035e-02
5.400087680000000001e-02
3.785134849999999829e-01
3.678666059999999849e-01
