1.69125
6.89625
1.40625
3.075
4.6275
5.5725
0.705
5.12625
1.26
1.65375
3.9375
5.1
1.71
5.4075
5.32875
3.27375
0.11625
6.54375
2.44875
2.8275
7.2525
1.21125
7.08
7.0125
0.40875
5.3925
2.74125
6.15
6.57
0.05625
5.865
0.61125
5.91375
3.345
4.935
5.3025
5.74875
0.15
2.56875
5.25
1.22625
0.87375
0.6075
5.115
2.47875
6.36
1.54125
2.64
2.085
1.29
3.89625
2.9775
2.37
6.5925
0.3225
1.84875
2.62875
3.33
7.4325
1.59
5.47875
6.6225
0.1125
0.22875
0.06375
5.69625
7.04625
5.74875
6.1875
2.385
1.0875
0.1575
1.095
4.34625
6.07125
6.25125
6.79125
4.99125
0.08625
0.585
1.8525
1.21125
3.75
2.56125
6.63
3.5025
0.7275
5.01
3.28875
0.88125
1.67625
2.1375
3.9675
1.67625
1.93125
7.425
5.98875
0.84
0.04875
3.735
3.45
3.3675
0.47625
5.43
6.93375
2.07375
0.31125
6.39375
2.0175
2.22
2.16
4.7475
5.52375
6.9375
1.8675
7.2525
1.89375
5.4975
0.70125
4.99875
2.58375
0.63
3.73875
5.54625
0.40125
0.165
6.255
6.10125
6.24
0.13875
7.245
4.56
1.26375
5.69625
6.50625
0.12375
0.74625
0.2325
4.51875
2.44125
4.1175
6.40875
0.70125
0.01875
0.6075
7.17375
2.22
4.47
5.3775
0.91875
6.49125
1.66875
1.65
0.8925
1.99875
0.19125
7.05
2.11125
6.4875
4.5375
1.75875
3.5025
4.15125
4.96125
4.86
0.01875
7.35
6.2925
4.6725
4.035
2.34375
5.7375
3.135
6.0675
2.39625
3.3225
2.595
5.3025
1.83
0.435
5.28
3.96
3.76875
2.45625
6.77625
1.66125
6.69375
0.3525
1.875
4.515
2.88
5.33625
3.85125
2.38125
5.58
1.4625
6.58125
2.56875
1.305
