7.111417067994619812e-01
1.167259568590092611e+00
4.359011151986164068e-01
8.043075895902336292e-01
5.253962881538808416e-01
9.925782411376583569e-01
1.616018727265361166e-01
4.187718070832098238e-01
9.394917384376073599e-01
3.037225726181191354e-01
8.369494830033840094e-01
3.775913374498450770e-01
8.921132118291378310e-01
8.979196948883451102e-01
1.050466938690455043e+00
2.415711409806811649e-01
7.010367299874150637e-01
8.156625883057951887e-01
7.220833142920876080e-01
7.363111692190899005e-01
9.598644764243317029e-01
6.595426693268466867e-01
6.979789150979233137e-01
5.256253901350540492e-01
1.188062078370205388e+00
6.267123565894390236e-01
2.898512645851850644e-01
6.674705626022064964e-01
1.159323635209200454e+00
3.243643657665699620e-01
9.249402444167734716e-01
8.180810286167192746e-01
2.866078972562036142e-01
1.167260407268775779e+00
5.511735549121999922e-01
4.393833935185289530e-01
5.034819123223936987e-01
1.196624645407347698e+00
1.087309528975396233e+00
9.735078005005897150e-01
8.554399077267372808e-01
5.564442588165289250e-01
1.202236561546025317e+00
3.583338716901165455e-01
9.124653283200002685e-01
9.180972251245844706e-01
6.662319738887018117e-01
9.570244119497860469e-01
4.429470629363697620e-01
1.939288969315633160e-01
3.936157093195402634e-01
2.584120642593660810e-01
2.812245801704809089e-01
1.025629800483727649e+00
9.702419132977080363e-01
9.748552899070215272e-01
1.200390004508060215e+00
9.163926656890153399e-01
6.505052191299033337e-01
2.133854435747069012e-01
3.609615903298724060e-01
5.070131392108172541e-01
8.821882989313746259e-01
8.080020519530903833e-01
8.398136198100435434e-01
1.086222973345266629e+00
5.772269546159219944e-01
5.365096397694307795e-01
6.106062316580360694e-01
5.470465157761610353e-01
5.887209887944311326e-01
9.809093606773924279e-01
1.766368748226231356e-01
6.434862502761268255e-01
5.165069938550234108e-01
3.075553041963932088e-01
7.158978091856593728e-01
9.160554364059484422e-01
8.946769175535106422e-01
4.667683906360942103e-01
1.001675742105424538e+00
5.361000230970133229e-01
9.055324244694972213e-01
5.854801052151399343e-01
9.676095917299784022e-01
7.165287375371932610e-01
2.977704005533745590e-01
4.553786554015946675e-01
7.646679468850672290e-01
6.611633242399442834e-01
7.879198753142702127e-01
1.204800061545782119e+00
7.709152779283404699e-01
6.359371547377234979e-01
6.523420195129877586e-01
1.175494936375891086e+00
7.988991237871992945e-01
6.722316545045899927e-01
7.727149549690998098e-01
8.722581614573228226e-01
7.947916182711983746e-01
4.138177470604598729e-01
8.236257666882956796e-01
8.740565879228496815e-01
1.199961849909146006e+00
6.443321117370218731e-01
2.054152805778846347e-01
8.119722634035837494e-01
8.341473683080887769e-01
9.461824599547755676e-01
7.776828061739623488e-01
7.080564038081824663e-01
5.741809814063966177e-01
9.564429658693814895e-01
4.879290339372003293e-01
1.083012665239266203e+00
1.147405968542690280e+00
1.750613901569947617e-01
9.780991999063003428e-01
8.802515210817217772e-01
1.156939002386888404e+00
2.776485748884755522e-01
6.373892244779348903e-01
7.200656564472557308e-01
2.846594486671042978e-01
1.132002344853190179e+00
6.561894166243243953e-01
1.179164765933493397e+00
9.065425689729595948e-01
1.052908446012285948e+00
8.858780818374968336e-01
8.645615149580955228e-01
2.055234345055040601e-01
9.919292476533938530e-01
3.703177370999336526e-01
2.435948341658127347e-01
8.143318839455510050e-01
4.620699277939725458e-01
7.994990518134963420e-01
8.910140287013769145e-01
2.087062757973691951e-01
2.475699852915126120e-01
5.799451774351573885e-01
3.903504244669783740e-01
1.818293131362712645e-01
1.074973145664160246e+00
6.194470731078099979e-01
2.551672809156015909e-01
4.110552571359122331e-01
8.874591234032465081e-01
9.976631935145974239e-01
1.643837598212269102e-01
9.405575372932792888e-01
5.704141256244545932e-01
2.215862384963732945e-01
9.107626860737156882e-01
9.950841481117594922e-01
1.752781254058733695e-01
1.681906326673641983e-01
1.176814047004441033e+00
6.766572101399660477e-01
1.109908757314220784e+00
4.053760830943268778e-01
9.721106283253025948e-01
3.513930703080868634e-01
8.646650151225794279e-01
1.151090623547372793e+00
9.889024032339369663e-01
1.104974527906966264e+00
3.759898097818905049e-01
7.274986044179212463e-01
5.955325891654157378e-01
4.448380329917264175e-01
5.362669735980294394e-01
5.362669506591386526e-01
2.035392528842747406e-01
7.519344735160518045e-01
2.717346494982451066e-01
6.810495552653629270e-01
9.074997817484843354e-01
1.109458662080544222e+00
9.048478781315016928e-01
9.825687755907656085e-01
1.083432702799233205e+00
2.972578291934931394e-01
3.843163893734997671e-01
1.113085229701488155e+00
5.614751166433632479e-01
1.153468955801217666e+00
1.930414206192380411e-01
1.134944566852351455e+00
4.378822137166035744e-01
4.165571720335704553e-01
5.509821821621329052e-01
6.046323623088705190e-01
1.122607610201783235e+00
6.284458030484962876e-01
9.728945254938340392e-01
2.737405168615561490e-01
6.409968137121624387e-01
5.095147749776745005e-01
1.017518076486293221e+00
8.863206524277950082e-01
4.361967699541032806e-01
7.652294969149447956e-01
5.211143967555785794e-01
8.564457608173979830e-01
1.188187087435798706e+00
5.503761368886245231e-01
1.169829365385854247e+00
3.248098877548822871e-01
8.477890473915552505e-01
1.054257253572485453e+00
5.386871767501759667e-01
2.812091280951252714e-01
4.906723395280498390e-01
1.118790182773210962e+00
7.099081969053054886e-01
6.401332836808920623e-01
1.164906374718718718e+00
2.489795015352299912e-01
4.175419370427471133e-01
7.576482335969461079e-01
8.150354457083989201e-01
9.389482616917204094e-01
2.552433863066697062e-01
4.009679081250125399e-01
6.559602098635840539e-01
6.771701603563213823e-01
9.518533311513484030e-01
9.465988665440476790e-01
1.049329480239830081e+00
1.711657034939146060e-01
1.163952004810509644e+00
1.048568569153962127e+00
5.083202677534621738e-01
1.008557579088900091e+00
1.726280610906556490e-01
7.312856289536708854e-01
1.062187893345419187e+00
6.066029688830745226e-01
2.742198818937465754e-01
6.048815540858727413e-01
3.512398058272415136e-01
2.773908149503809262e-01
8.840492586136007302e-01
9.567468698667812577e-01
5.559139774001723433e-01
1.153325834447110898e+00
4.861183777012324514e-01
2.302355822400435903e-01
1.202661263229825472e+00
2.344297971684587145e-01
1.084925593409668210e+00
1.607599569124648076e-01
1.176996657788643930e+00
2.532510751009217076e-01
9.160814204871404742e-01
9.540967289878965474e-01
6.584553383444684549e-01
1.140140172644802385e+00
1.002958252712885079e+00
2.990564799246820948e-01
3.917081741132640849e-01
1.125186276002833941e+00
2.924028977407882035e-01
9.026856526624489341e-01
1.143144980289877655e+00
2.364128545544609550e-01
7.770974619037449571e-01
6.585930722457611353e-01
8.211979325007497943e-01
1.192193980833685441e+00
1.101482506672314399e+00
7.683737475872612910e-01
8.915947263500225706e-01
1.122337056185588988e+00
2.774593439172077236e-01
2.093535167510336692e-01
8.623986225414419504e-01
1.113419389653128366e+00
5.049793017845320975e-01
2.163918890580814880e-01
2.090685084002128213e-01
6.513254439808202623e-01
5.448655051989842457e-01
7.165815933013344186e-01
1.861454765894151042e-01
2.465672802937478036e-01
2.649692536836531498e-01
3.289618559844580403e-01
4.916426813137811380e-01
1.667180719661892907e-01
3.289585820518801107e-01
9.506660997754420306e-01
3.738441343609785750e-01
1.977377772995589644e-01
5.131378483402615487e-01
9.162184683031475707e-01
5.494941308881902131e-01
4.077700504668260173e-01
7.212632601043796887e-01
6.278578023349982162e-01
6.609687508785617727e-01
8.602475986593103308e-01
3.949416987440603766e-01
1.032659392998150683e+00
4.029786044498974151e-01
3.243148854928547542e-01
8.600522352708256379e-01
3.670180425726288775e-01
5.886477605441093885e-01
4.226148811644226400e-01
8.210269796473325110e-01
7.039931873781002380e-01
3.697567746020186119e-01
3.280381463853460633e-01
4.449690713161718603e-01
7.770588406933772729e-01
4.886198299050754645e-01
1.874542001267936742e-01
1.001324542172899346e+00
3.151054679965299421e-01
7.135876668889654661e-01
7.187946341739517297e-01
4.231256996006852455e-01
7.255891196552003430e-01
3.383073416265186539e-01
1.011793988744734696e+00
3.353136859930604952e-01
6.253707601290035001e-01
2.918729522035324875e-01
6.893779036610037103e-01
1.101908712818856273e+00
2.126396610473283710e-01
2.126397616282028058e-01
1.050893290460776175e+00
1.083334155529088960e+00
1.079017998353902108e+00
3.428062035141509756e-01
8.592088073314404495e-01
9.350800140024412288e-01
1.005893901205004326e+00
3.431716801142156159e-01
6.250394662922538203e-01
4.665230465705627605e-01
3.709548561181962856e-01
3.409937052446794237e-01
1.628730652390024125e-01
6.197690789903622655e-01
2.803304310369631458e-01
6.677011948832238808e-01
1.019925310385473960e+00
1.203802859681496695e+00
2.017061406257280864e-01
1.824057625207874400e-01
2.990239217326989829e-01
3.551910791928908351e-01
3.701312733489275364e-01
5.399890219925540524e-01
7.001668453307963169e-01
9.213884416136097766e-01
9.307842382197046849e-01
8.748000205275358043e-01
7.900979433990562573e-01
1.160809678187205707e+00
2.665187482364156923e-01
6.883797648206912978e-01
8.754382497461199453e-01
6.023705164773005549e-01
4.937508623943293040e-01
7.246578465135526947e-01
1.144314850415364626e+00
7.231773745733535153e-01
9.936748033735264274e-01
8.427028412693775561e-01
7.808776327450096533e-01
