5.000000000000000278e-02 1.000000000000000056e-01 1.254706800000000015e+02
1.000000000000000056e-01 1.499999999999999944e-01 1.437037820000000465e+02
1.499999999999999944e-01 2.000000000000000111e-01 1.316185199999999043e+02
2.000000000000000111e-01 2.500000000000000000e-01 0.000000000000000000e+00
2.500000000000000000e-01 2.999999999999999889e-01 0.000000000000000000e+00
2.999999999999999889e-01 3.499999999999999778e-01 0.000000000000000000e+00
3.499999999999999778e-01 4.000000000000000222e-01 0.000000000000000000e+00
4.000000000000000222e-01 4.500000000000000111e-01 4.644286900000005858e+01
4.500000000000000111e-01 5.000000000000000000e-01 0.000000000000000000e+00
5.000000000000000000e-01 5.500000000000000444e-01 2.872661199999984660e+01
5.500000000000000444e-01 5.999999999999999778e-01 0.000000000000000000e+00
5.999999999999999778e-01 6.500000000000000222e-01 4.213404099999982577e+01
6.500000000000000222e-01 6.999999999999999556e-01 6.505155000000027599e+01
6.999999999999999556e-01 7.500000000000000000e-01 0.000000000000000000e+00
7.500000000000000000e-01 8.000000000000000444e-01 5.449606799999983764e+01
8.000000000000000444e-01 8.499999999999999778e-01 0.000000000000000000e+00
8.499999999999999778e-01 9.000000000000000222e-01 0.000000000000000000e+00
9.000000000000000222e-01 9.499999999999999556e-01 5.473956000000242739e+00
9.499999999999999556e-01 1.000000000000000000e+00 0.000000000000000000e+00
1.000000000000000000e+00 1.050000000000000044e+00 5.291898999999982323e+01
1.050000000000000044e+00 1.100000000000000089e+00 0.000000000000000000e+00
1.100000000000000089e+00 1.149999999999999911e+00 4.753197900000066056e+01
1.149999999999999911e+00 1.199999999999999956e+00 0.000000000000000000e+00
1.199999999999999956e+00 1.250000000000000000e+00 4.018544499999985931e+01
1.250000000000000000e+00 1.300000000000000044e+00 9.909274499999980890e+01
1.300000000000000044e+00 1.350000000000000089e+00 1.455803999999989173e+01
1.350000000000000089e+00 1.399999999999999911e+00 7.971558400000073163e+01
1.399999999999999911e+00 1.449999999999999956e+00 1.252664999999998088e+02
1.449999999999999956e+00 1.500000000000000000e+00 0.000000000000000000e+00
1.500000000000000000e+00 1.550000000000000044e+00 0.000000000000000000e+00
1.550000000000000044e+00 1.600000000000000089e+00 0.000000000000000000e+00
1.600000000000000089e+00 1.649999999999999911e+00 0.000000000000000000e+00
1.649999999999999911e+00 1.699999999999999956e+00 7.468182699999979945e+01
1.699999999999999956e+00 1.750000000000000000e+00 1.102161169999997128e+02
1.750000000000000000e+00 1.800000000000000044e+00 3.495859199999983957e+01
1.800000000000000044e+00 1.850000000000000089e+00 1.561795899999989956e+01
1.850000000000000089e+00 1.899999999999999911e+00 4.315758900000056997e+01
1.899999999999999911e+00 1.949999999999999956e+00 0.000000000000000000e+00
1.949999999999999956e+00 2.000000000000000000e+00 4.362744999999985396e+01
2.000000000000000000e+00 2.049999999999999822e+00 0.000000000000000000e+00
2.049999999999999822e+00 2.100000000000000089e+00 0.000000000000000000e+00
2.100000000000000089e+00 2.149999999999999911e+00 0.000000000000000000e+00
2.149999999999999911e+00 2.200000000000000178e+00 9.227070699999894998e+01
2.200000000000000178e+00 2.250000000000000000e+00 0.000000000000000000e+00
2.250000000000000000e+00 2.299999999999999822e+00 0.000000000000000000e+00
2.299999999999999822e+00 2.350000000000000089e+00 6.631549199999903976e+01
2.350000000000000089e+00 2.399999999999999911e+00 4.309202700000057007e+01
2.399999999999999911e+00 2.450000000000000178e+00 0.000000000000000000e+00
2.450000000000000178e+00 2.500000000000000000e+00 0.000000000000000000e+00
2.500000000000000000e+00 2.549999999999999822e+00 2.418472700000050679e+01
2.549999999999999822e+00 2.600000000000000089e+00 3.062072999999926992e+01
2.600000000000000089e+00 2.649999999999999911e+00 5.427034800000056691e+01
2.649999999999999911e+00 2.700000000000000178e+00 0.000000000000000000e+00
2.700000000000000178e+00 2.750000000000000000e+00 6.704760100000065393e+01
2.750000000000000000e+00 2.799999999999999822e+00 0.000000000000000000e+00
2.799999999999999822e+00 2.850000000000000089e+00 7.818221399999903554e+01
2.850000000000000089e+00 2.899999999999999911e+00 5.017272300000057328e+01
2.899999999999999911e+00 2.950000000000000178e+00 7.522099699999903066e+01
2.950000000000000178e+00 3.000000000000000000e+00 0.000000000000000000e+00
3.000000000000000000e+00 3.049999999999999822e+00 0.000000000000000000e+00
3.049999999999999822e+00 3.100000000000000089e+00 3.358194699999926058e+01
3.100000000000000089e+00 3.149999999999999911e+00 0.000000000000000000e+00
3.149999999999999911e+00 3.200000000000000178e+00 4.320863399999926457e+01
3.200000000000000178e+00 3.250000000000000000e+00 1.442332600000041509e+01
3.250000000000000000e+00 3.299999999999999822e+00 1.639018600000044046e+01
3.299999999999999822e+00 3.350000000000000089e+00 0.000000000000000000e+00
3.350000000000000089e+00 3.399999999999999911e+00 0.000000000000000000e+00
3.399999999999999911e+00 3.450000000000000178e+00 0.000000000000000000e+00
3.450000000000000178e+00 3.500000000000000000e+00 4.282618900000051099e+01
3.500000000000000000e+00 3.549999999999999822e+00 2.279839000000364990e+00
3.549999999999999822e+00 3.600000000000000089e+00 0.000000000000000000e+00
3.600000000000000089e+00 3.649999999999999911e+00 0.000000000000000000e+00
3.649999999999999911e+00 3.700000000000000178e+00 8.302287499999903275e+01
3.700000000000000178e+00 3.750000000000000000e+00 0.000000000000000000e+00
3.750000000000000000e+00 3.799999999999999822e+00 4.400630500000050915e+01
3.799999999999999822e+00 3.850000000000000089e+00 0.000000000000000000e+00
3.850000000000000089e+00 3.899999999999999911e+00 6.385332700000057571e+01
3.899999999999999911e+00 3.950000000000000178e+00 1.995736999999479622e+00
3.950000000000000178e+00 4.000000000000000000e+00 6.415928300000055629e+01
4.000000000000000000e+00 4.049999999999999822e+00 8.161329200000066919e+01
4.049999999999999822e+00 4.099999999999999645e+00 7.572363900000065939e+01
4.099999999999999645e+00 4.150000000000000355e+00 0.000000000000000000e+00
4.150000000000000355e+00 4.200000000000000178e+00 3.747195900000052404e+01
4.200000000000000178e+00 4.250000000000000000e+00 1.766270000000361051e+00
4.250000000000000000e+00 4.299999999999999822e+00 5.448669000000350593e+00
4.299999999999999822e+00 4.349999999999999645e+00 4.504437000000052649e+01
4.349999999999999645e+00 4.400000000000000355e+00 1.954808899999829919e+01
4.400000000000000355e+00 4.450000000000000178e+00 5.251983000000365109e+00
4.450000000000000178e+00 4.500000000000000000e+00 0.000000000000000000e+00
4.500000000000000000e+00 4.549999999999999822e+00 0.000000000000000000e+00
4.549999999999999822e+00 4.599999999999999645e+00 0.000000000000000000e+00
4.599999999999999645e+00 4.650000000000000355e+00 0.000000000000000000e+00
4.650000000000000355e+00 4.700000000000000178e+00 0.000000000000000000e+00
4.700000000000000178e+00 4.750000000000000000e+00 2.524105600000042671e+01
4.750000000000000000e+00 4.799999999999999822e+00 6.137289800000057483e+01
4.799999999999999822e+00 4.849999999999999645e+00 0.000000000000000000e+00
4.849999999999999645e+00 4.900000000000000355e+00 3.828055699999802641e+01
4.900000000000000355e+00 4.950000000000000178e+00 0.000000000000000000e+00
4.950000000000000178e+00 5.000000000000000000e+00 1.393894800000035161e+01
5.000000000000000000e+00 5.049999999999999822e+00 0.000000000000000000e+00
5.049999999999999822e+00 5.099999999999999645e+00 0.000000000000000000e+00
5.099999999999999645e+00 5.150000000000000355e+00 0.000000000000000000e+00
5.150000000000000355e+00 5.200000000000000178e+00 6.072820500000055688e+01
5.200000000000000178e+00 5.250000000000000000e+00 5.068270200000051773e+01
5.250000000000000000e+00 5.299999999999999822e+00 0.000000000000000000e+00
5.299999999999999822e+00 5.349999999999999645e+00 0.000000000000000000e+00
5.349999999999999645e+00 5.400000000000000355e+00 0.000000000000000000e+00
5.400000000000000355e+00 5.450000000000000178e+00 0.000000000000000000e+00
5.450000000000000178e+00 5.500000000000000000e+00 1.751566700000043397e+01
5.500000000000000000e+00 5.549999999999999822e+00 0.000000000000000000e+00
5.549999999999999822e+00 5.599999999999999645e+00 0.000000000000000000e+00
5.599999999999999645e+00 5.650000000000000355e+00 0.000000000000000000e+00
5.650000000000000355e+00 5.700000000000000178e+00 0.000000000000000000e+00
5.700000000000000178e+00 5.750000000000000000e+00 1.044230800000036652e+01
5.750000000000000000e+00 5.799999999999999822e+00 0.000000000000000000e+00
5.799999999999999822e+00 5.849999999999999645e+00 0.000000000000000000e+00
5.849999999999999645e+00 5.900000000000000355e+00 3.561077899999830265e+01
5.900000000000000355e+00 5.950000000000000178e+00 4.927311900000050571e+01
5.950000000000000178e+00 6.000000000000000000e+00 0.000000000000000000e+00
