4.72094
0.690485
4.65258
1.39382
0.178024
5.20775
4.06954
0.689739
4.46568
1.7766
2.51645
5.87994
3.6696
4.77872
4.04504
1.80373
2.82363
4.8986
0.877121
1.01323
5.86482
2.61158
1.10383
1.51264
0.498559
2.86612
3.98836
4.39502
0.487129
3.57974
4.01139
1.71737
2.46556
3.21859
1.67333
1.2442
2.30153
1.72733
2.60504
0.902067
1.9631
4.05695
1.43134
0.378211
4.75819
2.39308
5.3213
3.75176
4.86019
4.01597
0.881956
0.630584
2.00916
3.25295
0.88099
4.40108
2.85627
2.52572
4.02316
0.875337
2.16802
4.37594
3.04582
0.0659001
4.36911
1.80464
3.7093
1.4206
2.41411
0.561598
1.42702
0.786318
4.04605
3.89927
0.866378
0.729278
1.58072
3.90982
4.87263
0.82588
1.94285
0.128197
2.91917
5.15457
3.22042
2.57246
0.520845
5.61246
2.60009
1.27219
0.718918
1.68222
0.815261
2.83146
0.990474
0.855805
2.8584
5.5246
1.53371
1.48147
3.49211
4.57663
4.61282
0.199091
0.168368
2.87106
4.75357
1.50228
3.48516
1.07345
1.44945
2.8148
3.05448
5.42352
0.884598
5.39519
4.87445
3.15546
3.23499
2.16082
3.51656
0.674602
5.46809
2.92965
5.18102
2.65482
0.860652
2.60727
3.21994
5.0403
1.67304
0.130269
4.19032
4.73576
0.872277
2.46953
2.95655
5.10714
1.10313
5.84831
3.53191
3.67466
0.598268
0.864814
5.85604
1.79424
5.24016
4.07537
4.63551
2.69065
5.24785
5.57442
2.40905
4.26885
2.13882
1.65678
5.60661
0.905058
2.82713
3.69797
0.54248
0.249867
2.55193
3.62334
3.94008
0.509597
2.04864
4.28651
4.21009
2.80697
0.103365
5.05298
4.96679
1.55751
4.65775
3.26631
2.74022
4.16528
1.73149
1.76154
1.8665
4.25452
5.24815
3.64145
3.7915
1.42363
2.81883
4.01504
2.30733
1.71436
1.09642
5.99767
5.49396
5.2079
1.54823
5.60529
1.43913
4.77581
3.95837
1.77076
1.33103
1.7307
3.293
0.514509
2.92893
4.76603
0.864287
0.130757
3.05125
2.17574
5.71522
0.610633
4.16408
5.23066
5.85012
2.84331
5.39398
0.44636
0.155798
2.85608
0.166765
1.32031
2.35522
0.221645
2.98333
1.46418
1.30498
4.05802
1.73643
0.850838
1.01052
3.03296
0.454699
1.37536
0.615107
0.696349
3.5995
1.41008
0.43784
5.8699
2.38268
1.043
3.8644
1.1223
5.03264
4.78329
0.129058
0.0735895
1.44151
1.76083
3.18689
1.39571
1.40059
0.530552
3.18098
3.12016
1.12225
2.19705
0.610834
1.38313
1.10789
1.88098
2.5906
5.43463
0.539294
2.17495
1.75489
1.82708
5.94637
1.67963
3.9659
4.96285
5.48756
0.711586
5.52999
1.49652
2.31237
1.78439
2.55171
2.43728
1.82156
4.26205
3.97759
1.44585
0.954111
5.38082
0.148064
5.16516
4.30922
1.7232
5.01946
5.70124
0.916422
0.795723
1.87457
5.70144
0.306634
0.908902
3.689
0.1842
0.10966
0.180606
1.01704
4.8657
4.18069
1.81775
4.05279
4.40381
0.198138
3.66097
1.25227
0.94033
5.41219
2.17044
3.85436
4.46273
3.12429
4.31784
5.9273
4.98143
1.66344
2.93201
0.615971
0.326004
4.44367
1.73074
1.11298
0.961684
5.49838
2.5851
2.57684
2.7092
4.12031
2.70987
0.256055
1.15066
3.76369
3.86395
2.28786
0.423737
2.0733
0.385018
1.76621
1.69634
4.81557
0.131177
1.33209
1.96055
1.25963
2.9496
3.80323
4.71607
5.19651
2.2694
1.11946
1.95637
1.95134
4.11651
5.19622
0.346985
3.89371
0.907986
2.90316
3.95163
0.364399
1.39478
0.697462
4.71413
5.73198
1.97901
3.42584
2.38868
2.16598
3.96587
0.712872
2.47172
2.52251
3.9847
1.69981
5.25766
4.78661
3.07189
3.73578
2.31177
0.415211
5.89436
0.798468
1.96486
5.84295
0.0744072
0.223413
2.18271
1.01105
4.5156
4.65041
4.30707
0.24768
3.15112
0.803379
1.77218
0.284462
2.30845
5.78609
4.2477
1.82248
3.89572
1.2046
2.88077
2.54725
1.92802
2.58548
2.70346
4.45148
0.0901712
2.68505
4.07544
2.23478
3.94079
1.87463
0.684269
0.67164
1.084
1.3113
1.25306
1.85821
0.81252
0.855557
0.44677
0.513211
0.35183
1.18176
1.55144
1.72363
1.13805
0.881673
1.64442
4.51131
1.28247
1.16982
4.58148
1.56031
0.149783
5.46578
3.74836
1.15442
1.68516
0.824438
0.891897
5.71969
4.90018
1.71938
4.8758
2.73294
0.617337
1.25243
4.97033
0.894341
0.178801
5.32003
0.439051
1.2704
1.20798
4.22847
3.22657
0.412907
0.123652
0.142428
1.28928
0.792369
1.03712
1.62906
3.46101
3.61705
0.25711
5.49711
4.61154
4.79825
3.15493
3.97141
5.94847
3.45852
3.20844
3.02399
1.99766
0.241181
3.46958
2.89877
4.82019
0.832896
2.46461
3.17024
1.85753
1.39464
1.14532
4.32917
4.39602
0.831323
4.01687
3.69751
0.27363
4.08448
2.30818
4.44789
2.18335
2.769
5.34232
4.4358
3.90382
2.34485
0.942394
1.87329
2.60507
2.87126
0.514822
3.83981
0.157235
0.314926
0.347479
1.71611
5.68022
0.892207
2.50165
1.69074
0.418124
3.28752
2.94134
2.6445
1.31864
1.24329
3.26454
5.17757
4.91723
3.31022
0.893125
2.69275
3.79364
2.92219
1.82884
2.69831
0.586127
0.0548847
2.98588
3.47119
2.14604
3.52339
2.74118
0.442399
3.69029
2.34585
2.42287
3.93614
0.107604
3.79396
0.913592
2.6085
1.74622
0.297726
3.14612
0.825772
1.59394
3.49155
2.37755
3.27174
5.11922
2.39057
1.22618
4.73132
1.36241
0.86359
1.6733
2.36585
1.22607
2.82701
0.672078
0.504382
2.51999
0.773647
4.32546
2.009
2.5122
0.755957
5.82811
4.94778
5.20465
3.01803
1.04141
4.05073
1.39491
3.15617
0.166528
2.31527
1.73903
5.93452
0.859932
0.461933
3.66613
3.54566
0.121584
4.38687
3.76866
1.61096
1.73491
3.35068
1.35403
1.33241
3.09728
0.129239
0.430828
0.481723
4.29924
0.803396
3.5069
2.39671
4.65124
1.74215
2.00311
5.36551
0.946366
0.339103
0.757691
5.75239
2.93948
1.92519
1.72952
0.810369
3.05655
3.85506
1.0563
1.21754
0.18743
0.128428
0.587253
0.348026
4.99091
2.23914
1.0462
0.652998
0.12673
0.898801
4.3274
1.73933
1.75358
5.76273
2.04656
5.27925
4.31775
0.163296
5.14109
4.22374
3.07871
0.67466
5.84081
4.17171
1.27955
2.0533
4.06446
2.71662
2.73187
5.1841
4.17051
0.578055
0.731393
1.0143
0.849517
0.791737
1.44915
0.253033
3.80695
1.29375
1.36712
5.94588
0.74278
3.89326
1.23003
2.15867
5.94477
4.01538
0.166914
2.96083
2.7438
5.93904
0.367862
2.08601
0.761514
0.604563
4.85349
3.63791
4.15612
3.08506
0.196769
4.71412
4.55961
0.342979
1.99069
5.26558
0.553624
0.0769098
0.224855
4.03134
4.36813
0.374715
0.754016
0.0611621
2.98717
1.87497
1.40124
5.01695
0.193955
2.81635
0.610809
0.835638
5.42352
4.11437
2.62755
4.66971
0.0796779
4.64041
3.69331
3.32037
4.23515
1.28906
0.639629
3.79506
5.19227


















































































































































































































































































